26 1673818492 2493,200000 -1,000000 -101,000000 0,000000 0,000000
26 1673818493 2493,200000 -1,000000 -101,000000 0,000000 0,000000
26 1673818494 2493,200000 -1,000000 -101,000000 0,000000 0,000000
26 1673818495 2493,200000 -1,000000 -101,000000 0,000000 0,000000
26 1673818496 2493,200000 -1,000000 -101,000000 0,000000 0,000000
26 1673818497 1569,800000 -1,000000 -101,000000 0,000000 0,000000
26 1673818498 1569,800000 -1,000000 -101,000000 0,000000 0,000000
26 1673818499 1569,800000 -1,000000 -101,000000 0,000000 0,000000
26 1673818500 1569,800000 -1,000000 -101,000000 0,000000 0,000000
26 1673818501 1569,800000 -1,000000 -101,000000 0,000000 0,000000
26 1673818502 2035,400000 -1,000000 -101,000000 0,000000 0,000000
26 1673818503 2035,400000 -1,000000 -101,000000 0,000000 0,000000
26 1673818504 2035,400000 -1,000000 -101,000000 0,000000 0,000000
26 1673818505 2035,400000 -1,000000 -101,000000 0,000000 0,000000
26 1673818506 2035,400000 -1,000000 -101,000000 0,000000 0,000000
26 1673818507 2494,200000 -1,000000 -101,000000 0,000000 0,000000
26 1673818508 2494,200000 -1,000000 -101,000000 0,000000 0,000000
26 1673818509 2494,200000 -1,000000 -101,000000 0,000000 0,000000
26 1673818510 2494,200000 -1,000000 -101,000000 0,000000 0,000000
26 1673818511 2494,200000 -1,000000 -101,000000 0,000000 0,000000
26 1673818512 2342,000000 -1,000000 -101,000000 0,000000 0,000000
26 1673818513 2342,000000 -1,000000 -101,000000 0,000000 0,000000
26 1673818514 2342,000000 -1,000000 -101,000000 0,000000 0,000000
26 1673818515 2342,000000 -1,000000 -101,000000 0,000000 0,000000
26 1673818516 2342,000000 -1,000000 -101,000000 0,000000 0,000000
26 1673818517 1167,200000 -1,000000 -101,000000 0,000000 0,000000
26 1673818518 1167,200000 -1,000000 -101,000000 0,000000 0,000000
26 1673818519 1167,200000 -1,000000 -101,000000 0,000000 0,000000
26 1673818520 1167,200000 -1,000000 -101,000000 0,000000 0,000000
26 1673818521 1167,200000 -1,000000 -101,000000 0,000000 0,000000
26 1673818522 3306,600000 -1,000000 -101,000000 0,000000 0,000000
26 1673818523 3306,600000 -1,000000 -101,000000 0,000000 0,000000
26 1673818524 3306,600000 -1,000000 -101,000000 0,000000 0,000000
26 1673818525 3306,600000 -1,000000 -101,000000 0,000000 0,000000
26 1673818526 3306,600000 -1,000000 -101,000000 0,000000 0,000000
26 1673818527 3969,400000 -1,000000 -101,000000 0,000000 0,000000
26 1673818528 3969,400000 -1,000000 -101,000000 0,000000 0,000000
26 1673818529 3969,400000 -1,000000 -101,000000 0,000000 0,000000
26 1673818530 3969,400000 -1,000000 -101,000000 0,000000 0,000000
26 1673818531 3969,400000 -1,000000 -101,000000 0,000000 0,000000
26 1673818532 852,400000 -1,000000 -101,000000 0,000000 0,000000
26 1673818533 852,400000 -1,000000 -101,000000 0,000000 0,000000
26 1673818534 852,400000 -1,000000 -101,000000 0,000000 0,000000
26 1673818535 852,400000 -1,000000 -101,000000 0,000000 0,000000
26 1673818536 852,400000 -1,000000 -101,000000 0,000000 0,000000
26 1673818537 4059,200000 -1,000000 -101,000000 0,000000 0,000000
26 1673818538 4059,200000 -1,000000 -101,000000 0,000000 0,000000
26 1673818539 4059,200000 -1,000000 -101,000000 0,000000 0,000000
26 1673818540 4059,200000 -1,000000 -101,000000 0,000000 0,000000
26 1673818541 4059,200000 -1,000000 -101,000000 0,000000 0,000000
26 1673818542 2125,800000 -1,000000 -101,000000 0,000000 0,000000
26 1673818543 2125,800000 -1,000000 -101,000000 0,000000 0,000000
26 1673818544 2125,800000 -1,000000 -101,000000 0,000000 0,000000
26 1673818545 2125,800000 -1,000000 -101,000000 0,000000 0,000000
26 1673818546 2125,800000 -1,000000 -101,000000 0,000000 0,000000
26 1673818547 2035,400000 -1,000000 -101,000000 0,000000 0,000000
26 1673818548 2035,400000 -1,000000 -101,000000 0,000000 0,000000
26 1673818549 2035,400000 -1,000000 -101,000000 0,000000 0,000000
26 1673818550 2035,400000 -1,000000 -101,000000 0,000000 0,000000
26 1673818551 2035,400000 -1,000000 -101,000000 0,000000 0,000000
26 1673818552 2495,000000 -1,000000 -101,000000 0,000000 0,000000
26 1673818553 2495,000000 -1,000000 -101,000000 0,000000 0,000000
26 1673818554 2495,000000 -1,000000 -101,000000 0,000000 0,000000
26 1673818555 2495,000000 -1,000000 -101,000000 0,000000 0,000000
26 1673818556 2495,000000 -1,000000 -101,000000 0,000000 0,000000
26 1673818557 4834,400000 -1,000000 -101,000000 0,000000 0,000000
26 1673818558 4834,400000 -1,000000 -101,000000 0,000000 0,000000
26 1673818559 4834,400000 -1,000000 -101,000000 0,000000 0,000000
26 1673818560 4834,400000 -1,000000 -101,000000 0,000000 0,000000
26 1673818561 4834,400000 -1,000000 -101,000000 0,000000 0,000000
26 1673818562 17773,800000 -1,000000 -101,000000 0,000000 0,000000
26 1673818563 17773,800000 -1,000000 -101,000000 0,000000 0,000000
26 1673818564 17773,800000 -1,000000 -101,000000 0,000000 0,000000
26 1673818565 17773,800000 -1,000000 -101,000000 0,000000 0,000000
26 1673818566 17773,800000 -1,000000 -101,000000 0,000000 0,000000
26 1673818567 5085,800000 -1,000000 -101,000000 0,000000 0,000000
26 1673818568 5085,800000 -1,000000 -101,000000 0,000000 0,000000
26 1673818569 5085,800000 -1,000000 -101,000000 0,000000 0,000000
26 1673818570 5085,800000 -1,000000 -101,000000 0,000000 0,000000
26 1673818571 5085,800000 -1,000000 -101,000000 0,000000 0,000000
26 1673818572 1569,600000 -1,000000 -101,000000 0,000000 0,000000
26 1673818573 1569,600000 -1,000000 -101,000000 0,000000 0,000000
26 1673818574 1569,600000 -1,000000 -101,000000 0,000000 0,000000
26 1673818575 1569,600000 -1,000000 -101,000000 0,000000 0,000000
26 1673818576 1569,600000 -1,000000 -101,000000 0,000000 0,000000
26 1673818577 2810,000000 -1,000000 -101,000000 0,000000 0,000000
26 1673818578 2810,000000 -1,000000 -101,000000 0,000000 0,000000
26 1673818579 2810,000000 -1,000000 -101,000000 0,000000 0,000000
26 1673818580 2810,000000 -1,000000 -101,000000 0,000000 0,000000
26 1673818581 2810,000000 -1,000000 -101,000000 0,000000 0,000000
26 1673818582 3101,200000 -1,000000 -101,000000 0,000000 0,000000
26 1673818583 3101,200000 -1,000000 -101,000000 0,000000 0,000000
26 1673818584 3101,200000 -1,000000 -101,000000 0,000000 0,000000
26 1673818585 3101,200000 -1,000000 -101,000000 0,000000 0,000000
26 1673818586 3101,200000 -1,000000 -101,000000 0,000000 0,000000
26 1673818587 7147,600000 -1,000000 -101,000000 0,000000 0,000000
26 1673818588 7147,600000 -1,000000 -101,000000 0,000000 0,000000
26 1673818589 7147,600000 -1,000000 -101,000000 0,000000 0,000000
26 1673818590 7147,600000 -1,000000 -101,000000 0,000000 0,000000
26 1673818591 7147,600000 -1,000000 -101,000000 0,000000 0,000000
26 1673818592 3379,000000 -1,000000 -101,000000 0,000000 0,000000
26 1673818593 3379,000000 -1,000000 -101,000000 0,000000 0,000000
26 1673818594 3379,000000 -1,000000 -101,000000 0,000000 0,000000
26 1673818595 3379,000000 -1,000000 -101,000000 0,000000 0,000000
26 1673818596 3379,000000 -1,000000 -101,000000 0,000000 0,000000
26 1673818597 11823,600000 -1,000000 -101,000000 0,000000 0,000000
26 1673818598 11823,600000 -1,000000 -101,000000 0,000000 0,000000
26 1673818599 11823,600000 -1,000000 -101,000000 0,000000 0,000000
26 1673818600 11823,600000 -1,000000 -101,000000 0,000000 0,000000
26 1673818601 11823,600000 -1,000000 -101,000000 0,000000 0,000000
26 1673818602 8590,000000 -1,000000 -101,000000 0,000000 0,000000
26 1673818603 8590,000000 -1,000000 -101,000000 0,000000 0,000000
26 1673818604 8590,000000 -1,000000 -101,000000 0,000000 0,000000
26 1673818605 8590,000000 -1,000000 -101,000000 0,000000 0,000000
26 1673818606 8590,000000 -1,000000 -101,000000 0,000000 0,000000
26 1673818607 18050,200000 -1,000000 -101,000000 0,000000 0,000000
26 1673818608 18050,200000 -1,000000 -101,000000 0,000000 0,000000
26 1673818609 18050,200000 -1,000000 -101,000000 0,000000 0,000000
26 1673818610 18050,200000 -1,000000 -101,000000 0,000000 0,000000
26 1673818611 18050,200000 -1,000000 -101,000000 0,000000 0,000000
26 1673818612 4856,800000 -1,000000 -101,000000 0,000000 0,000000
26 1673818613 4856,800000 -1,000000 -101,000000 0,000000 0,000000
26 1673818614 4856,800000 -1,000000 -101,000000 0,000000 0,000000
26 1673818615 4856,800000 -1,000000 -101,000000 0,000000 0,000000
26 1673818616 4856,800000 -1,000000 -101,000000 0,000000 0,000000
26 1673818617 7672,400000 -1,000000 -101,000000 0,000000 0,000000
26 1673818618 7672,400000 -1,000000 -101,000000 0,000000 0,000000
26 1673818619 7672,400000 -1,000000 -101,000000 0,000000 0,000000
26 1673818620 7672,400000 -1,000000 -101,000000 0,000000 0,000000
26 1673818621 7672,400000 -1,000000 -101,000000 0,000000 0,000000
26 1673818622 8593,400000 -1,000000 -101,000000 0,000000 0,000000
26 1673818623 8593,400000 -1,000000 -101,000000 0,000000 0,000000
26 1673818624 8593,400000 -1,000000 -101,000000 0,000000 0,000000
26 1673818625 8593,400000 -1,000000 -101,000000 0,000000 0,000000
26 1673818626 8593,400000 -1,000000 -101,000000 0,000000 0,000000
26 1673818627 9234,200000 -1,000000 -101,000000 0,000000 0,000000
26 1673818628 9234,200000 -1,000000 -101,000000 0,000000 0,000000
26 1673818629 9234,200000 -1,000000 -101,000000 0,000000 0,000000
26 1673818630 9234,200000 -1,000000 -101,000000 0,000000 0,000000
26 1673818631 9234,200000 -1,000000 -101,000000 0,000000 0,000000
26 1673818632 9542,400000 -1,000000 -101,000000 0,000000 0,000000
26 1673818633 9542,400000 -1,000000 -101,000000 0,000000 0,000000
26 1673818634 9542,400000 -1,000000 -101,000000 0,000000 0,000000
26 1673818635 9542,400000 -1,000000 -101,000000 0,000000 0,000000
26 1673818636 9542,400000 -1,000000 -101,000000 0,000000 0,000000
26 1673818637 4185,800000 -1,000000 -101,000000 0,000000 0,000000
26 1673818638 4185,800000 -1,000000 -101,000000 0,000000 0,000000
26 1673818639 4185,800000 -1,000000 -101,000000 0,000000 0,000000
26 1673818640 4185,800000 -1,000000 -101,000000 0,000000 0,000000
26 1673818641 4185,800000 -1,000000 -101,000000 0,000000 0,000000
26 1673818642 2794,800000 -1,000000 -101,000000 0,000000 0,000000
26 1673818643 2794,800000 -1,000000 -101,000000 0,000000 0,000000
26 1673818644 2794,800000 -1,000000 -101,000000 0,000000 0,000000
26 1673818645 2794,800000 -1,000000 -101,000000 0,000000 0,000000
26 1673818646 2794,800000 -1,000000 -101,000000 0,000000 0,000000
26 1673818647 3899,200000 -1,000000 -101,000000 0,000000 0,000000
26 1673818648 3899,200000 -1,000000 -101,000000 0,000000 0,000000
26 1673818649 3899,200000 -1,000000 -101,000000 0,000000 0,000000
26 1673818650 3899,200000 -1,000000 -101,000000 0,000000 0,000000
26 1673818651 3899,200000 -1,000000 -101,000000 0,000000 0,000000
26 1673818652 3531,400000 -1,000000 -101,000000 0,000000 0,000000
26 1673818653 3531,400000 -1,000000 -101,000000 0,000000 0,000000
26 1673818654 3531,400000 -1,000000 -101,000000 0,000000 0,000000
26 1673818655 3531,400000 -1,000000 -101,000000 0,000000 0,000000
26 1673818656 3531,400000 -1,000000 -101,000000 0,000000 0,000000
26 1673818657 7551,200000 -1,000000 -101,000000 0,000000 0,000000
26 1673818658 7551,200000 -1,000000 -101,000000 0,000000 0,000000
26 1673818659 7551,200000 -1,000000 -101,000000 0,000000 0,000000
26 1673818660 7551,200000 -1,000000 -101,000000 0,000000 0,000000
26 1673818661 7551,200000 -1,000000 -101,000000 0,000000 0,000000
26 1673818662 5800,400000 -1,000000 -101,000000 0,000000 0,000000
26 1673818663 5800,400000 -1,000000 -101,000000 0,000000 0,000000
26 1673818664 5800,400000 -1,000000 -101,000000 0,000000 0,000000
26 1673818665 5800,400000 -1,000000 -101,000000 0,000000 0,000000
26 1673818666 5800,400000 -1,000000 -101,000000 0,000000 0,000000
26 1673818667 7410,000000 -1,000000 -101,000000 0,000000 0,000000
26 1673818668 7410,000000 -1,000000 -101,000000 0,000000 0,000000
26 1673818669 7410,000000 -1,000000 -101,000000 0,000000 0,000000
26 1673818670 7410,000000 -1,000000 -101,000000 0,000000 0,000000
26 1673818671 7410,000000 -1,000000 -101,000000 0,000000 0,000000
26 1673818672 6530,800000 -1,000000 -101,000000 0,000000 0,000000
26 1673818673 6530,800000 -1,000000 -101,000000 0,000000 0,000000
26 1673818674 6530,800000 -1,000000 -101,000000 0,000000 0,000000
26 1673818675 6530,800000 -1,000000 -101,000000 0,000000 0,000000
26 1673818676 6530,800000 -1,000000 -101,000000 0,000000 0,000000
26 1673818677 8152,400000 -1,000000 -101,000000 0,000000 0,000000
26 1673818678 8152,400000 -1,000000 -101,000000 0,000000 0,000000
26 1673818679 8152,400000 -1,000000 -101,000000 0,000000 0,000000
26 1673818680 8152,400000 -1,000000 -101,000000 0,000000 0,000000
26 1673818681 8152,400000 -1,000000 -101,000000 0,000000 0,000000
26 1673818682 4355,800000 -1,000000 -101,000000 0,000000 0,000000
26 1673818683 4355,800000 -1,000000 -101,000000 0,000000 0,000000
26 1673818684 4355,800000 -1,000000 -101,000000 0,000000 0,000000
26 1673818685 4355,800000 -1,000000 -101,000000 0,000000 0,000000
26 1673818686 4355,800000 -1,000000 -101,000000 0,000000 0,000000
26 1673818687 5945,600000 -1,000000 -101,000000 0,000000 0,000000
26 1673818688 5945,600000 -1,000000 -101,000000 0,000000 0,000000
26 1673818689 5945,600000 -1,000000 -101,000000 0,000000 0,000000
26 1673818690 5945,600000 -1,000000 -101,000000 0,000000 0,000000
26 1673818691 5945,600000 -1,000000 -101,000000 0,000000 0,000000
26 1673818692 5693,200000 -1,000000 -101,000000 0,000000 0,000000
26 1673818693 5693,200000 -1,000000 -101,000000 0,000000 0,000000
26 1673818694 5693,200000 -1,000000 -101,000000 0,000000 0,000000
26 1673818695 5693,200000 -1,000000 -101,000000 0,000000 0,000000
26 1673818696 5693,200000 -1,000000 -101,000000 0,000000 0,000000
26 1673818697 8141,200000 -1,000000 -101,000000 0,000000 0,000000
26 1673818698 8141,200000 -1,000000 -101,000000 0,000000 0,000000
26 1673818699 8141,200000 -1,000000 -101,000000 0,000000 0,000000
26 1673818700 8141,200000 -1,000000 -101,000000 0,000000 0,000000
26 1673818701 8141,200000 -1,000000 -101,000000 0,000000 0,000000
26 1673818702 5979,800000 -1,000000 -101,000000 0,000000 0,000000
26 1673818703 5979,800000 -1,000000 -101,000000 0,000000 0,000000
26 1673818704 5979,800000 -1,000000 -101,000000 0,000000 0,000000
26 1673818705 5979,800000 -1,000000 -101,000000 0,000000 0,000000
26 1673818706 5979,800000 -1,000000 -101,000000 0,000000 0,000000
26 1673818707 11948,800000 -1,000000 -101,000000 0,000000 0,000000
26 1673818708 11948,800000 -1,000000 -101,000000 0,000000 0,000000
26 1673818709 11948,800000 -1,000000 -101,000000 0,000000 0,000000
26 1673818710 11948,800000 -1,000000 -101,000000 0,000000 0,000000
26 1673818711 11948,800000 -1,000000 -101,000000 0,000000 0,000000
26 1673818712 6021,000000 -1,000000 -101,000000 0,000000 0,000000
26 1673818713 6021,000000 -1,000000 -101,000000 0,000000 0,000000
26 1673818714 6021,000000 -1,000000 -101,000000 0,000000 0,000000
26 1673818715 6021,000000 -1,000000 -101,000000 0,000000 0,000000
26 1673818716 6021,000000 -1,000000 -101,000000 0,000000 0,000000
26 1673818717 8115,600000 -1,000000 -101,000000 0,000000 0,000000
26 1673818718 8115,600000 -1,000000 -101,000000 0,000000 0,000000
26 1673818719 8115,600000 -1,000000 -101,000000 0,000000 0,000000
26 1673818720 8115,600000 -1,000000 -101,000000 0,000000 0,000000
26 1673818721 8115,600000 -1,000000 -101,000000 0,000000 0,000000
26 1673818722 2591,400000 -1,000000 -101,000000 0,000000 0,000000
26 1673818723 2591,400000 -1,000000 -101,000000 0,000000 0,000000
26 1673818724 2591,400000 -1,000000 -101,000000 0,000000 0,000000
26 1673818725 2591,400000 -1,000000 -101,000000 0,000000 0,000000
26 1673818726 2591,400000 -1,000000 -101,000000 0,000000 0,000000
26 1673818727 2337,200000 -1,000000 -101,000000 0,000000 0,000000
26 1673818728 2337,200000 -1,000000 -101,000000 0,000000 0,000000
26 1673818729 2337,200000 -1,000000 -101,000000 0,000000 0,000000
26 1673818730 2337,200000 -1,000000 -101,000000 0,000000 0,000000
26 1673818731 2337,200000 -1,000000 -101,000000 0,000000 0,000000
26 1673818732 8403,200000 -1,000000 -101,000000 0,000000 0,000000
26 1673818733 8403,200000 -1,000000 -101,000000 0,000000 0,000000
26 1673818734 8403,200000 -1,000000 -101,000000 0,000000 0,000000
26 1673818735 8403,200000 -1,000000 -101,000000 0,000000 0,000000
26 1673818736 8403,200000 -1,000000 -101,000000 0,000000 0,000000
26 1673818737 6571,400000 -1,000000 -101,000000 0,000000 0,000000
26 1673818738 6571,400000 -1,000000 -101,000000 0,000000 0,000000
26 1673818739 6571,400000 -1,000000 -101,000000 0,000000 0,000000
26 1673818740 6571,400000 -1,000000 -101,000000 0,000000 0,000000
26 1673818741 6571,400000 -1,000000 -101,000000 0,000000 0,000000
26 1673818742 9833,600000 -1,000000 -101,000000 0,000000 0,000000
26 1673818743 9833,600000 -1,000000 -101,000000 0,000000 0,000000
26 1673818744 9833,600000 -1,000000 -101,000000 0,000000 0,000000
26 1673818745 9833,600000 -1,000000 -101,000000 0,000000 0,000000
26 1673818746 9833,600000 -1,000000 -101,000000 0,000000 0,000000
26 1673818747 9505,600000 -1,000000 -101,000000 0,000000 0,000000
26 1673818748 9505,600000 -1,000000 -101,000000 0,000000 0,000000
26 1673818749 9505,600000 -1,000000 -101,000000 0,000000 0,000000
26 1673818750 9505,600000 -1,000000 -101,000000 0,000000 0,000000
26 1673818751 9505,600000 -1,000000 -101,000000 0,000000 0,000000
26 1673818752 5359,200000 -1,000000 -101,000000 0,000000 0,000000
26 1673818753 5359,200000 -1,000000 -101,000000 0,000000 0,000000
26 1673818754 5359,200000 -1,000000 -101,000000 0,000000 0,000000
26 1673818755 5359,200000 -1,000000 -101,000000 0,000000 0,000000
26 1673818756 5359,200000 -1,000000 -101,000000 0,000000 0,000000
26 1673818757 8070,200000 -1,000000 -101,000000 0,000000 0,000000
26 1673818758 8070,200000 -1,000000 -101,000000 0,000000 0,000000
26 1673818759 8070,200000 -1,000000 -101,000000 0,000000 0,000000
26 1673818760 8070,200000 -1,000000 -101,000000 0,000000 0,000000
26 1673818761 8070,200000 -1,000000 -101,000000 0,000000 0,000000
26 1673818762 1402,400000 -1,000000 -101,000000 0,000000 0,000000
26 1673818763 1402,400000 -1,000000 -101,000000 0,000000 0,000000
26 1673818764 1402,400000 -1,000000 -101,000000 0,000000 0,000000
26 1673818765 1402,400000 -1,000000 -101,000000 0,000000 0,000000
26 1673818766 1402,400000 -1,000000 -101,000000 0,000000 0,000000
26 1673818767 7125,400000 -1,000000 -101,000000 0,000000 0,000000
26 1673818768 7125,400000 -1,000000 -101,000000 0,000000 0,000000
26 1673818769 7125,400000 -1,000000 -101,000000 0,000000 0,000000
26 1673818770 7125,400000 -1,000000 -101,000000 0,000000 0,000000
26 1673818771 7125,400000 -1,000000 -101,000000 0,000000 0,000000
26 1673818772 3078,600000 -1,000000 -101,000000 0,000000 0,000000
26 1673818773 3078,600000 -1,000000 -101,000000 0,000000 0,000000
26 1673818774 3078,600000 -1,000000 -101,000000 0,000000 0,000000
26 1673818775 3078,600000 -1,000000 -101,000000 0,000000 0,000000
26 1673818776 3078,600000 -1,000000 -101,000000 0,000000 0,000000
26 1673818777 7325,600000 -1,000000 -101,000000 0,000000 0,000000
26 1673818778 7325,600000 -1,000000 -101,000000 0,000000 0,000000
26 1673818779 7325,600000 -1,000000 -101,000000 0,000000 0,000000
26 1673818780 7325,600000 -1,000000 -101,000000 0,000000 0,000000
26 1673818781 7325,600000 -1,000000 -101,000000 0,000000 0,000000
26 1673818782 2939,800000 -1,000000 -101,000000 0,000000 0,000000
26 1673818783 2939,800000 -1,000000 -101,000000 0,000000 0,000000
26 1673818784 2939,800000 -1,000000 -101,000000 0,000000 0,000000
26 1673818785 2939,800000 -1,000000 -101,000000 0,000000 0,000000
26 1673818786 2939,800000 -1,000000 -101,000000 0,000000 0,000000
26 1673818787 3050,800000 -1,000000 -101,000000 0,000000 0,000000
26 1673818788 3050,800000 -1,000000 -101,000000 0,000000 0,000000
26 1673818789 3050,800000 -1,000000 -101,000000 0,000000 0,000000
26 1673818790 3050,800000 -1,000000 -101,000000 0,000000 0,000000
26 1673818791 3050,800000 -1,000000 -101,000000 0,000000 0,000000
26 1673818792 7324,000000 -1,000000 -101,000000 0,000000 0,000000
26 1673818793 7324,000000 -1,000000 -101,000000 0,000000 0,000000
26 1673818794 7324,000000 -1,000000 -101,000000 0,000000 0,000000
26 1673818795 7324,000000 -1,000000 -101,000000 0,000000 0,000000
26 1673818796 7324,000000 -1,000000 -101,000000 0,000000 0,000000
26 1673818797 6791,200000 -1,000000 -101,000000 0,000000 0,000000
26 1673818798 6791,200000 -1,000000 -101,000000 0,000000 0,000000
26 1673818799 6791,200000 -1,000000 -101,000000 0,000000 0,000000
26 1673818800 6791,200000 -1,000000 -101,000000 0,000000 0,000000
26 1673818801 6791,200000 -1,000000 -101,000000 0,000000 0,000000
26 1673818802 12454,000000 -1,000000 -101,000000 0,000000 0,000000
26 1673818803 12454,000000 -1,000000 -101,000000 0,000000 0,000000
26 1673818804 12454,000000 -1,000000 -101,000000 0,000000 0,000000
26 1673818805 12454,000000 -1,000000 -101,000000 0,000000 0,000000
26 1673818806 12454,000000 -1,000000 -101,000000 0,000000 0,000000
26 1673818807 9141,000000 -1,000000 -101,000000 0,000000 0,000000
26 1673818808 9141,000000 -1,000000 -101,000000 0,000000 0,000000
26 1673818809 9141,000000 -1,000000 -101,000000 0,000000 0,000000
26 1673818810 9141,000000 -1,000000 -101,000000 0,000000 0,000000
26 1673818811 9141,000000 -1,000000 -101,000000 0,000000 0,000000
26 1673818812 13351,400000 -1,000000 -101,000000 0,000000 0,000000
26 1673818813 13351,400000 -1,000000 -101,000000 0,000000 0,000000
26 1673818814 13351,400000 -1,000000 -101,000000 0,000000 0,000000
26 1673818815 13351,400000 -1,000000 -101,000000 0,000000 0,000000
26 1673818816 13351,400000 -1,000000 -101,000000 0,000000 0,000000
26 1673818817 7246,600000 -1,000000 -101,000000 0,000000 0,000000
26 1673818818 7246,600000 -1,000000 -101,000000 0,000000 0,000000
26 1673818819 7246,600000 -1,000000 -101,000000 0,000000 0,000000
26 1673818820 7246,600000 -1,000000 -101,000000 0,000000 0,000000
26 1673818821 7246,600000 -1,000000 -101,000000 0,000000 0,000000
26 1673818822 10644,800000 -1,000000 -101,000000 0,000000 0,000000
26 1673818823 10644,800000 -1,000000 -101,000000 0,000000 0,000000
26 1673818824 10644,800000 -1,000000 -101,000000 0,000000 0,000000
26 1673818825 10644,800000 -1,000000 -101,000000 0,000000 0,000000
26 1673818826 10644,800000 -1,000000 -101,000000 0,000000 0,000000
26 1673818827 3326,600000 -1,000000 -101,000000 0,000000 0,000000
26 1673818828 3326,600000 -1,000000 -101,000000 0,000000 0,000000
26 1673818829 3326,600000 -1,000000 -101,000000 0,000000 0,000000
26 1673818830 3326,600000 -1,000000 -101,000000 0,000000 0,000000
26 1673818831 3326,600000 -1,000000 -101,000000 0,000000 0,000000
26 1673818832 3622,200000 -1,000000 -101,000000 0,000000 0,000000
26 1673818833 3622,200000 -1,000000 -101,000000 0,000000 0,000000
26 1673818834 3622,200000 -1,000000 -101,000000 0,000000 0,000000
26 1673818835 3622,200000 -1,000000 -101,000000 0,000000 0,000000
26 1673818836 3622,200000 -1,000000 -101,000000 0,000000 0,000000
26 1673818837 1509,800000 -1,000000 -101,000000 0,000000 0,000000
26 1673818838 1509,800000 -1,000000 -101,000000 0,000000 0,000000
26 1673818839 1509,800000 -1,000000 -101,000000 0,000000 0,000000
26 1673818840 1509,800000 -1,000000 -101,000000 0,000000 0,000000
26 1673818841 1509,800000 -1,000000 -101,000000 0,000000 0,000000
26 1673818842 4640,400000 -1,000000 -101,000000 0,000000 0,000000
26 1673818843 4640,400000 -1,000000 -101,000000 0,000000 0,000000
26 1673818844 4640,400000 -1,000000 -101,000000 0,000000 0,000000
26 1673818845 4640,400000 -1,000000 -101,000000 0,000000 0,000000
26 1673818846 4640,400000 -1,000000 -101,000000 0,000000 0,000000
26 1673818847 3076,800000 -1,000000 -101,000000 0,000000 0,000000
26 1673818848 3076,800000 -1,000000 -101,000000 0,000000 0,000000
26 1673818849 3076,800000 -1,000000 -101,000000 0,000000 0,000000
26 1673818850 3076,800000 -1,000000 -101,000000 0,000000 0,000000
26 1673818851 3076,800000 -1,000000 -101,000000 0,000000 0,000000
26 1673818852 3787,000000 -1,000000 -101,000000 0,000000 0,000000
26 1673818853 3787,000000 -1,000000 -101,000000 0,000000 0,000000
26 1673818854 3787,000000 -1,000000 -101,000000 0,000000 0,000000
26 1673818855 3787,000000 -1,000000 -101,000000 0,000000 0,000000
26 1673818856 3787,000000 -1,000000 -101,000000 0,000000 0,000000
26 1673818857 904,000000 -1,000000 -101,000000 0,000000 0,000000
26 1673818858 904,000000 -1,000000 -101,000000 0,000000 0,000000
26 1673818859 904,000000 -1,000000 -101,000000 0,000000 0,000000
26 1673818860 904,000000 -1,000000 -101,000000 0,000000 0,000000
26 1673818861 904,000000 -1,000000 -101,000000 0,000000 0,000000
26 1673818862 3693,000000 -1,000000 -101,000000 0,000000 0,000000
26 1673818863 3693,000000 -1,000000 -101,000000 0,000000 0,000000
26 1673818864 3693,000000 -1,000000 -101,000000 0,000000 0,000000
26 1673818865 3693,000000 -1,000000 -101,000000 0,000000 0,000000
26 1673818866 3693,000000 -1,000000 -101,000000 0,000000 0,000000
26 1673818867 2735,000000 -1,000000 -101,000000 0,000000 0,000000
26 1673818868 2735,000000 -1,000000 -101,000000 0,000000 0,000000
26 1673818869 2735,000000 -1,000000 -101,000000 0,000000 0,000000
26 1673818870 2735,000000 -1,000000 -101,000000 0,000000 0,000000
26 1673818871 2735,000000 -1,000000 -101,000000 0,000000 0,000000
26 1673818872 4619,400000 -1,000000 -101,000000 0,000000 0,000000
26 1673818873 4619,400000 -1,000000 -101,000000 0,000000 0,000000
26 1673818874 4619,400000 -1,000000 -101,000000 0,000000 0,000000
26 1673818875 4619,400000 -1,000000 -101,000000 0,000000 0,000000
26 1673818876 4619,400000 -1,000000 -101,000000 0,000000 0,000000
26 1673818877 13581,200000 -1,000000 -101,000000 0,000000 0,000000
26 1673818878 13581,200000 -1,000000 -101,000000 0,000000 0,000000
26 1673818879 13581,200000 -1,000000 -101,000000 0,000000 0,000000
26 1673818880 13581,200000 -1,000000 -101,000000 0,000000 0,000000
26 1673818881 13581,200000 -1,000000 -101,000000 0,000000 0,000000
26 1673818882 14796,000000 -1,000000 -101,000000 0,000000 0,000000
26 1673818883 14796,000000 -1,000000 -101,000000 0,000000 0,000000
26 1673818884 14796,000000 -1,000000 -101,000000 0,000000 0,000000
26 1673818885 14796,000000 -1,000000 -101,000000 0,000000 0,000000
26 1673818886 14796,000000 -1,000000 -101,000000 0,000000 0,000000
26 1673818887 13664,800000 -1,000000 -101,000000 0,000000 0,000000
26 1673818888 13664,800000 -1,000000 -101,000000 0,000000 0,000000
26 1673818889 13664,800000 -1,000000 -101,000000 0,000000 0,000000
26 1673818890 13664,800000 -1,000000 -101,000000 0,000000 0,000000
26 1673818891 13664,800000 -1,000000 -101,000000 0,000000 0,000000
26 1673818892 9599,200000 -1,000000 -101,000000 0,000000 0,000000
26 1673818893 9599,200000 -1,000000 -101,000000 0,000000 0,000000
26 1673818894 9599,200000 -1,000000 -101,000000 0,000000 0,000000
26 1673818895 9599,200000 -1,000000 -101,000000 0,000000 0,000000
26 1673818896 9599,200000 -1,000000 -101,000000 0,000000 0,000000
26 1673818897 7144,600000 -1,000000 -101,000000 0,000000 0,000000
26 1673818898 7144,600000 -1,000000 -101,000000 0,000000 0,000000
26 1673818899 7144,600000 -1,000000 -101,000000 0,000000 0,000000
26 1673818900 7144,600000 -1,000000 -101,000000 0,000000 0,000000
26 1673818901 7144,600000 -1,000000 -101,000000 0,000000 0,000000
26 1673818902 4006,400000 -1,000000 -101,000000 0,000000 0,000000
26 1673818903 4006,400000 -1,000000 -101,000000 0,000000 0,000000
26 1673818904 4006,400000 -1,000000 -101,000000 0,000000 0,000000
26 1673818905 4006,400000 -1,000000 -101,000000 0,000000 0,000000
26 1673818906 4006,400000 -1,000000 -101,000000 0,000000 0,000000
26 1673818907 5003,800000 -1,000000 -101,000000 0,000000 0,000000
26 1673818908 5003,800000 -1,000000 -101,000000 0,000000 0,000000
26 1673818909 5003,800000 -1,000000 -101,000000 0,000000 0,000000
26 1673818910 5003,800000 -1,000000 -101,000000 0,000000 0,000000
26 1673818911 5003,800000 -1,000000 -101,000000 0,000000 0,000000
26 1673818912 9208,200000 -1,000000 -101,000000 0,000000 0,000000
26 1673818913 9208,200000 -1,000000 -101,000000 0,000000 0,000000
26 1673818914 9208,200000 -1,000000 -101,000000 0,000000 0,000000
26 1673818915 9208,200000 -1,000000 -101,000000 0,000000 0,000000
26 1673818916 9208,200000 -1,000000 -101,000000 0,000000 0,000000
26 1673818917 2364,400000 -1,000000 -101,000000 0,000000 0,000000
26 1673818918 2364,400000 -1,000000 -101,000000 0,000000 0,000000
26 1673818919 2364,400000 -1,000000 -101,000000 0,000000 0,000000
26 1673818920 2364,400000 -1,000000 -101,000000 0,000000 0,000000
26 1673818921 2364,400000 -1,000000 -101,000000 0,000000 0,000000
26 1673818922 4199,200000 -1,000000 -101,000000 0,000000 0,000000
26 1673818923 4199,200000 -1,000000 -101,000000 0,000000 0,000000
26 1673818924 4199,200000 -1,000000 -101,000000 0,000000 0,000000
26 1673818925 4199,200000 -1,000000 -101,000000 0,000000 0,000000
26 1673818926 4199,200000 -1,000000 -101,000000 0,000000 0,000000
26 1673818927 1568,000000 -1,000000 -101,000000 0,000000 0,000000
26 1673818928 1568,000000 -1,000000 -101,000000 0,000000 0,000000
26 1673818929 1568,000000 -1,000000 -101,000000 0,000000 0,000000
26 1673818930 1568,000000 -1,000000 -101,000000 0,000000 0,000000
26 1673818931 1568,000000 -1,000000 -101,000000 0,000000 0,000000
26 1673818932 4530,000000 -1,000000 -101,000000 0,000000 0,000000
26 1673818933 4530,000000 -1,000000 -101,000000 0,000000 0,000000
26 1673818934 4530,000000 -1,000000 -101,000000 0,000000 0,000000
26 1673818935 4530,000000 -1,000000 -101,000000 0,000000 0,000000
26 1673818936 4530,000000 -1,000000 -101,000000 0,000000 0,000000
26 1673818937 4062,000000 -1,000000 -101,000000 0,000000 0,000000
26 1673818938 4062,000000 -1,000000 -101,000000 0,000000 0,000000
26 1673818939 4062,000000 -1,000000 -101,000000 0,000000 0,000000
26 1673818940 4062,000000 -1,000000 -101,000000 0,000000 0,000000
26 1673818941 4062,000000 -1,000000 -101,000000 0,000000 0,000000
26 1673818942 2808,200000 -1,000000 -101,000000 0,000000 0,000000
26 1673818943 2808,200000 -1,000000 -101,000000 0,000000 0,000000
26 1673818944 2808,200000 -1,000000 -101,000000 0,000000 0,000000
26 1673818945 2808,200000 -1,000000 -101,000000 0,000000 0,000000
26 1673818946 2808,200000 -1,000000 -101,000000 0,000000 0,000000
26 1673818947 4668,800000 -1,000000 -101,000000 0,000000 0,000000
26 1673818948 4668,800000 -1,000000 -101,000000 0,000000 0,000000
26 1673818949 4668,800000 -1,000000 -101,000000 0,000000 0,000000
26 1673818950 4668,800000 -1,000000 -101,000000 0,000000 0,000000
26 1673818951 4668,800000 -1,000000 -101,000000 0,000000 0,000000
26 1673818952 7685,800000 -1,000000 -101,000000 0,000000 0,000000
26 1673818953 7685,800000 -1,000000 -101,000000 0,000000 0,000000
26 1673818954 7685,800000 -1,000000 -101,000000 0,000000 0,000000
26 1673818955 7685,800000 -1,000000 -101,000000 0,000000 0,000000
26 1673818956 7685,800000 -1,000000 -101,000000 0,000000 0,000000
26 1673818957 21410,000000 -1,000000 -101,000000 0,000000 0,000000
26 1673818958 21410,000000 -1,000000 -101,000000 0,000000 0,000000
26 1673818959 21410,000000 -1,000000 -101,000000 0,000000 0,000000
26 1673818960 21410,000000 -1,000000 -101,000000 0,000000 0,000000
26 1673818961 21410,000000 -1,000000 -101,000000 0,000000 0,000000
26 1673818962 7660,200000 -1,000000 -101,000000 0,000000 0,000000
26 1673818963 7660,200000 -1,000000 -101,000000 0,000000 0,000000
26 1673818964 7660,200000 -1,000000 -101,000000 0,000000 0,000000
26 1673818965 7660,200000 -1,000000 -101,000000 0,000000 0,000000
26 1673818966 7660,200000 -1,000000 -101,000000 0,000000 0,000000
26 1673818967 10079,200000 -1,000000 -101,000000 0,000000 0,000000
26 1673818968 10079,200000 -1,000000 -101,000000 0,000000 0,000000
26 1673818969 10079,200000 -1,000000 -101,000000 0,000000 0,000000
26 1673818970 10079,200000 -1,000000 -101,000000 0,000000 0,000000
26 1673818971 10079,200000 -1,000000 -101,000000 0,000000 0,000000
26 1673818972 11735,600000 -1,000000 -101,000000 0,000000 0,000000
26 1673818973 11735,600000 -1,000000 -101,000000 0,000000 0,000000
26 1673818974 11735,600000 -1,000000 -101,000000 0,000000 0,000000
26 1673818975 11735,600000 -1,000000 -101,000000 0,000000 0,000000
26 1673818976 11735,600000 -1,000000 -101,000000 0,000000 0,000000
26 1673818977 5381,800000 -1,000000 -101,000000 0,000000 0,000000
26 1673818978 5381,800000 -1,000000 -101,000000 0,000000 0,000000
26 1673818979 5381,800000 -1,000000 -101,000000 0,000000 0,000000
26 1673818980 5381,800000 -1,000000 -101,000000 0,000000 0,000000
26 1673818981 5381,800000 -1,000000 -101,000000 0,000000 0,000000
26 1673818982 10464,200000 -1,000000 -101,000000 0,000000 0,000000
26 1673818983 10464,200000 -1,000000 -101,000000 0,000000 0,000000
26 1673818984 10464,200000 -1,000000 -101,000000 0,000000 0,000000
26 1673818985 10464,200000 -1,000000 -101,000000 0,000000 0,000000
26 1673818986 10464,200000 -1,000000 -101,000000 0,000000 0,000000
26 1673818987 7663,400000 -1,000000 -101,000000 0,000000 0,000000
26 1673818988 7663,400000 -1,000000 -101,000000 0,000000 0,000000
26 1673818989 7663,400000 -1,000000 -101,000000 0,000000 0,000000
26 1673818990 7663,400000 -1,000000 -101,000000 0,000000 0,000000
26 1673818991 7663,400000 -1,000000 -101,000000 0,000000 0,000000
26 1673818992 6880,000000 -1,000000 -101,000000 0,000000 0,000000
26 1673818993 6880,000000 -1,000000 -101,000000 0,000000 0,000000
26 1673818994 6880,000000 -1,000000 -101,000000 0,000000 0,000000
26 1673818995 6880,000000 -1,000000 -101,000000 0,000000 0,000000
26 1673818996 6880,000000 -1,000000 -101,000000 0,000000 0,000000
26 1673818997 3658,400000 -1,000000 -101,000000 0,000000 0,000000
26 1673818998 3658,400000 -1,000000 -101,000000 0,000000 0,000000
26 1673818999 3658,400000 -1,000000 -101,000000 0,000000 0,000000
26 1673819000 3658,400000 -1,000000 -101,000000 0,000000 0,000000
26 1673819001 3658,400000 -1,000000 -101,000000 0,000000 0,000000
26 1673819002 4873,200000 -1,000000 -101,000000 0,000000 0,000000
26 1673819003 4873,200000 -1,000000 -101,000000 0,000000 0,000000
26 1673819004 4873,200000 -1,000000 -101,000000 0,000000 0,000000
26 1673819005 4873,200000 -1,000000 -101,000000 0,000000 0,000000
26 1673819006 4873,200000 -1,000000 -101,000000 0,000000 0,000000
26 1673819007 4507,600000 -1,000000 -101,000000 0,000000 0,000000
26 1673819008 4507,600000 -1,000000 -101,000000 0,000000 0,000000
26 1673819009 4507,600000 -1,000000 -101,000000 0,000000 0,000000
26 1673819010 4507,600000 -1,000000 -101,000000 0,000000 0,000000
26 1673819011 4507,600000 -1,000000 -101,000000 0,000000 0,000000
26 1673819012 4500,200000 -1,000000 -101,000000 0,000000 0,000000
26 1673819013 4500,200000 -1,000000 -101,000000 0,000000 0,000000
26 1673819014 4500,200000 -1,000000 -101,000000 0,000000 0,000000
26 1673819015 4500,200000 -1,000000 -101,000000 0,000000 0,000000
26 1673819016 4500,200000 -1,000000 -101,000000 0,000000 0,000000
26 1673819017 1015,800000 -1,000000 -101,000000 0,000000 0,000000
26 1673819018 1015,800000 -1,000000 -101,000000 0,000000 0,000000
26 1673819019 1015,800000 -1,000000 -101,000000 0,000000 0,000000
26 1673819081 11081,600000 -1,000000 11081,600000 11081,600000 24560371,712000
26 1673819080 11081,600000 -1,000000 11081,600000 11081,600000 24560371,712000
26 1673819079 11081,600000 -1,000000 11081,600000 11081,600000 24560371,712000
26 1673819078 11081,600000 -1,000000 11081,600000 11081,600000 24560371,712000
26 1673819077 11081,600000 -1,000000 11081,600000 11081,600000 24560371,712000
26 1673819076 7720,400000 -1,000000 7720,400000 7720,400000 11920915,232000
26 1673819075 7720,400000 -1,000000 7720,400000 7720,400000 11920915,232000
26 1673819074 7720,400000 -1,000000 7720,400000 7720,400000 11920915,232000
26 1673819073 7720,400000 -1,000000 7720,400000 7720,400000 11920915,232000
26 1673819072 7720,400000 -1,000000 7720,400000 7720,400000 11920915,232000
26 1673819071 11922,600000 -1,000000 11922,600000 11922,600000 28429678,152000
26 1673819070 11922,600000 -1,000000 11922,600000 11922,600000 28429678,152000
26 1673819069 11922,600000 -1,000000 11922,600000 11922,600000 28429678,152000
26 1673819068 11922,600000 -1,000000 11922,600000 11922,600000 28429678,152000
26 1673819067 11922,600000 -1,000000 11922,600000 11922,600000 28429678,152000
26 1673819066 7559,200000 -1,000000 7559,200000 7559,200000 11428300,928000
26 1673819065 7559,200000 -1,000000 7559,200000 7559,200000 11428300,928000
26 1673819064 7559,200000 -1,000000 7559,200000 7559,200000 11428300,928000
26 1673819063 7559,200000 -1,000000 7559,200000 7559,200000 11428300,928000
26 1673819062 7559,200000 -1,000000 7559,200000 7559,200000 11428300,928000
26 1673819061 8475,400000 -1,000000 8475,400000 8475,400000 14366481,032000
26 1673819060 8475,400000 -1,000000 8475,400000 8475,400000 14366481,032000
26 1673819059 8475,400000 -1,000000 8475,400000 8475,400000 14366481,032000
26 1673819058 8475,400000 -1,000000 8475,400000 8475,400000 14366481,032000
26 1673819057 8475,400000 -1,000000 8475,400000 8475,400000 14366481,032000
26 1673819056 4965,800000 -1,000000 4965,800000 4965,800000 4931833,928000
26 1673819055 4965,800000 -1,000000 4965,800000 4965,800000 4931833,928000
26 1673819054 4965,800000 -1,000000 4965,800000 4965,800000 4931833,928000
26 1673819053 4965,800000 -1,000000 4965,800000 4965,800000 4931833,928000
26 1673819052 4965,800000 -1,000000 4965,800000 4965,800000 4931833,928000
26 1673819051 6887,800000 -1,000000 6887,800000 6887,800000 9488357,768000
26 1673819050 6887,800000 -1,000000 6887,800000 6887,800000 9488357,768000
26 1673819049 6887,800000 -1,000000 6887,800000 6887,800000 9488357,768000
26 1673819048 6887,800000 -1,000000 6887,800000 6887,800000 9488357,768000
26 1673819047 6887,800000 -1,000000 6887,800000 6887,800000 9488357,768000
26 1673819046 2119,600000 -1,000000 2119,600000 2119,600000 898540,832000
26 1673819045 2119,600000 -1,000000 2119,600000 2119,600000 898540,832000
26 1673819044 2119,600000 -1,000000 2119,600000 2119,600000 898540,832000
26 1673819043 2119,600000 -1,000000 2119,600000 2119,600000 898540,832000
26 1673819042 2119,600000 -1,000000 2119,600000 2119,600000 898540,832000
26 1673819041 6286,600000 -1,000000 6286,600000 6286,600000 7904267,912000
26 1673819040 6286,600000 -1,000000 6286,600000 6286,600000 7904267,912000
26 1673819039 6286,600000 -1,000000 6286,600000 6286,600000 7904267,912000
26 1673819038 6286,600000 -1,000000 6286,600000 6286,600000 7904267,912000
26 1673819037 6286,600000 -1,000000 6286,600000 6286,600000 7904267,912000
26 1673819036 10218,000000 -1,000000 10218,000000 10218,000000 20881504,800000
26 1673819035 10218,000000 -1,000000 10218,000000 10218,000000 20881504,800000
26 1673819034 10218,000000 -1,000000 10218,000000 10218,000000 20881504,800000
26 1673819033 10218,000000 -1,000000 10218,000000 10218,000000 20881504,800000
26 1673819032 10218,000000 -1,000000 10218,000000 10218,000000 20881504,800000
26 1673819031 5482,800000 -1,000000 5482,800000 5482,800000 6012219,168000
26 1673819030 5482,800000 -1,000000 5482,800000 5482,800000 6012219,168000
26 1673819029 5482,800000 -1,000000 5482,800000 5482,800000 6012219,168000
26 1673819028 5482,800000 -1,000000 5482,800000 5482,800000 6012219,168000
26 1673819027 5482,800000 -1,000000 5482,800000 5482,800000 6012219,168000
26 1673819026 6921,800000 -1,000000 6921,800000 6921,800000 9582263,048000
26 1673819025 6921,800000 -1,000000 6921,800000 6921,800000 9582263,048000
26 1673819024 6921,800000 -1,000000 6921,800000 6921,800000 9582263,048000
26 1673819023 6921,800000 -1,000000 6921,800000 6921,800000 9582263,048000
26 1673819022 6921,800000 -1,000000 6921,800000 6921,800000 9582263,048000
26 1673819021 1015,800000 -1,000000 1015,800000 1015,800000 206369,928000
26 1673819020 1015,800000 -1,000000 1015,800000 1015,800000 206369,928000
26 1673819020 1015,800000 -1,000000 -101,000000 0,000000 0,000000
26 1673819021 1015,800000 -1,000000 -101,000000 0,000000 0,000000
26 1673819022 6921,800000 -1,000000 -101,000000 0,000000 0,000000
26 1673819023 6921,800000 -1,000000 -101,000000 0,000000 0,000000
26 1673819024 6921,800000 -1,000000 -101,000000 0,000000 0,000000
26 1673819025 6921,800000 -1,000000 -101,000000 0,000000 0,000000
26 1673819026 6921,800000 -1,000000 -101,000000 0,000000 0,000000
26 1673819027 5482,800000 -1,000000 -101,000000 0,000000 0,000000
26 1673819028 5482,800000 -1,000000 -101,000000 0,000000 0,000000
26 1673819029 5482,800000 -1,000000 -101,000000 0,000000 0,000000
26 1673819030 5482,800000 -1,000000 -101,000000 0,000000 0,000000
26 1673819031 5482,800000 -1,000000 -101,000000 0,000000 0,000000
26 1673819032 10218,000000 -1,000000 -101,000000 0,000000 0,000000
26 1673819033 10218,000000 -1,000000 -101,000000 0,000000 0,000000
26 1673819034 10218,000000 -1,000000 -101,000000 0,000000 0,000000
26 1673819035 10218,000000 -1,000000 -101,000000 0,000000 0,000000
26 1673819036 10218,000000 -1,000000 -101,000000 0,000000 0,000000
26 1673819037 6286,600000 -1,000000 -101,000000 0,000000 0,000000
26 1673819038 6286,600000 -1,000000 -101,000000 0,000000 0,000000
26 1673819039 6286,600000 -1,000000 -101,000000 0,000000 0,000000
26 1673819040 6286,600000 -1,000000 -101,000000 0,000000 0,000000
26 1673819041 6286,600000 -1,000000 -101,000000 0,000000 0,000000
26 1673819042 2119,600000 -1,000000 -101,000000 0,000000 0,000000
26 1673819043 2119,600000 -1,000000 -101,000000 0,000000 0,000000
26 1673819044 2119,600000 -1,000000 -101,000000 0,000000 0,000000
26 1673819045 2119,600000 -1,000000 -101,000000 0,000000 0,000000
26 1673819046 2119,600000 -1,000000 -101,000000 0,000000 0,000000
26 1673819047 6887,800000 -1,000000 -101,000000 0,000000 0,000000
26 1673819048 6887,800000 -1,000000 -101,000000 0,000000 0,000000
26 1673819049 6887,800000 -1,000000 -101,000000 0,000000 0,000000
26 1673819050 6887,800000 -1,000000 -101,000000 0,000000 0,000000
26 1673819051 6887,800000 -1,000000 -101,000000 0,000000 0,000000
26 1673819052 4965,800000 -1,000000 -101,000000 0,000000 0,000000
26 1673819053 4965,800000 -1,000000 -101,000000 0,000000 0,000000
26 1673819054 4965,800000 -1,000000 -101,000000 0,000000 0,000000
26 1673819055 4965,800000 -1,000000 -101,000000 0,000000 0,000000
26 1673819056 4965,800000 -1,000000 -101,000000 0,000000 0,000000
26 1673819057 8475,400000 -1,000000 -101,000000 0,000000 0,000000
26 1673819058 8475,400000 -1,000000 -101,000000 0,000000 0,000000
26 1673819059 8475,400000 -1,000000 -101,000000 0,000000 0,000000
26 1673819060 8475,400000 -1,000000 -101,000000 0,000000 0,000000
26 1673819061 8475,400000 -1,000000 -101,000000 0,000000 0,000000
26 1673819062 7559,200000 -1,000000 -101,000000 0,000000 0,000000
26 1673819063 7559,200000 -1,000000 -101,000000 0,000000 0,000000
26 1673819064 7559,200000 -1,000000 -101,000000 0,000000 0,000000
26 1673819065 7559,200000 -1,000000 -101,000000 0,000000 0,000000
26 1673819066 7559,200000 -1,000000 -101,000000 0,000000 0,000000
26 1673819067 11922,600000 -1,000000 -101,000000 0,000000 0,000000
26 1673819068 11922,600000 -1,000000 -101,000000 0,000000 0,000000
26 1673819069 11922,600000 -1,000000 -101,000000 0,000000 0,000000
26 1673819070 11922,600000 -1,000000 -101,000000 0,000000 0,000000
26 1673819071 11922,600000 -1,000000 -101,000000 0,000000 0,000000
26 1673819072 7720,400000 -1,000000 -101,000000 0,000000 0,000000
26 1673819073 7720,400000 -1,000000 -101,000000 0,000000 0,000000
26 1673819074 7720,400000 -1,000000 -101,000000 0,000000 0,000000
26 1673819075 7720,400000 -1,000000 -101,000000 0,000000 0,000000
26 1673819076 7720,400000 -1,000000 -101,000000 0,000000 0,000000
26 1673819077 11081,600000 -1,000000 -101,000000 0,000000 0,000000
26 1673819078 11081,600000 -1,000000 -101,000000 0,000000 0,000000
26 1673819079 11081,600000 -1,000000 -101,000000 0,000000 0,000000
26 1673819080 11081,600000 -1,000000 -101,000000 0,000000 0,000000
26 1673819081 11081,600000 -1,000000 -101,000000 0,000000 0,000000
26 1673819082 4856,000000 -1,000000 -101,000000 0,000000 0,000000
26 1673819083 4856,000000 -1,000000 -101,000000 0,000000 0,000000
26 1673819084 4856,000000 -1,000000 -101,000000 0,000000 0,000000
26 1673819085 4856,000000 -1,000000 -101,000000 0,000000 0,000000
26 1673819086 4856,000000 -1,000000 -101,000000 0,000000 0,000000
26 1673819087 4175,600000 -1,000000 -101,000000 0,000000 0,000000
26 1673819088 4175,600000 -1,000000 -101,000000 0,000000 0,000000
26 1673819089 4175,600000 -1,000000 -101,000000 0,000000 0,000000
26 1673819090 4175,600000 -1,000000 -101,000000 0,000000 0,000000
26 1673819091 4175,600000 -1,000000 -101,000000 0,000000 0,000000
26 1673819092 4005,600000 -1,000000 -101,000000 0,000000 0,000000
26 1673819093 4005,600000 -1,000000 -101,000000 0,000000 0,000000
26 1673819094 4005,600000 -1,000000 -101,000000 0,000000 0,000000
26 1673819095 4005,600000 -1,000000 -101,000000 0,000000 0,000000
26 1673819096 4005,600000 -1,000000 -101,000000 0,000000 0,000000
26 1673819097 3709,200000 -1,000000 -101,000000 0,000000 0,000000
26 1673819098 3709,200000 -1,000000 -101,000000 0,000000 0,000000
26 1673819099 3709,200000 -1,000000 -101,000000 0,000000 0,000000
26 1673819100 3709,200000 -1,000000 -101,000000 0,000000 0,000000
26 1673819101 3709,200000 -1,000000 -101,000000 0,000000 0,000000
26 1673819102 8798,000000 -1,000000 -101,000000 0,000000 0,000000
26 1673819103 8798,000000 -1,000000 -101,000000 0,000000 0,000000
26 1673819104 8798,000000 -1,000000 -101,000000 0,000000 0,000000
26 1673819105 8798,000000 -1,000000 -101,000000 0,000000 0,000000
26 1673819106 8798,000000 -1,000000 -101,000000 0,000000 0,000000
26 1673819107 4434,600000 -1,000000 -101,000000 0,000000 0,000000
26 1673819108 4434,600000 -1,000000 -101,000000 0,000000 0,000000
26 1673819109 4434,600000 -1,000000 -101,000000 0,000000 0,000000
26 1673819110 4434,600000 -1,000000 -101,000000 0,000000 0,000000
26 1673819111 4434,600000 -1,000000 -101,000000 0,000000 0,000000
26 1673819112 3694,000000 -1,000000 -101,000000 0,000000 0,000000
26 1673819113 3694,000000 -1,000000 -101,000000 0,000000 0,000000
26 1673819114 3694,000000 -1,000000 -101,000000 0,000000 0,000000
26 1673819115 3694,000000 -1,000000 -101,000000 0,000000 0,000000
26 1673819116 3694,000000 -1,000000 -101,000000 0,000000 0,000000
26 1673819117 6386,600000 -1,000000 -101,000000 0,000000 0,000000
26 1673819118 6386,600000 -1,000000 -101,000000 0,000000 0,000000
26 1673819119 6386,600000 -1,000000 -101,000000 0,000000 0,000000
26 1673819120 6386,600000 -1,000000 -101,000000 0,000000 0,000000
26 1673819121 6386,600000 -1,000000 -101,000000 0,000000 0,000000
26 1673819122 3585,400000 -1,000000 -101,000000 0,000000 0,000000
26 1673819123 3585,400000 -1,000000 -101,000000 0,000000 0,000000
26 1673819124 3585,400000 -1,000000 -101,000000 0,000000 0,000000
26 1673819125 3585,400000 -1,000000 -101,000000 0,000000 0,000000
26 1673819126 3585,400000 -1,000000 -101,000000 0,000000 0,000000
26 1673819127 8679,600000 -1,000000 -101,000000 0,000000 0,000000
26 1673819128 8679,600000 -1,000000 -101,000000 0,000000 0,000000
26 1673819129 8679,600000 -1,000000 -101,000000 0,000000 0,000000
26 1673819130 8679,600000 -1,000000 -101,000000 0,000000 0,000000
26 1673819131 8679,600000 -1,000000 -101,000000 0,000000 0,000000
26 1673819132 10718,600000 -1,000000 -101,000000 0,000000 0,000000
26 1673819133 10718,600000 -1,000000 -101,000000 0,000000 0,000000
26 1673819134 10718,600000 -1,000000 -101,000000 0,000000 0,000000
26 1673819135 10718,600000 -1,000000 -101,000000 0,000000 0,000000
26 1673819136 10718,600000 -1,000000 -101,000000 0,000000 0,000000
26 1673819137 11804,600000 -1,000000 -101,000000 0,000000 0,000000
26 1673819138 11804,600000 -1,000000 -101,000000 0,000000 0,000000
26 1673819139 11804,600000 -1,000000 -101,000000 0,000000 0,000000
26 1673819140 11804,600000 -1,000000 -101,000000 0,000000 0,000000
26 1673819141 11804,600000 -1,000000 -101,000000 0,000000 0,000000
26 1673819142 6414,600000 -1,000000 -101,000000 0,000000 0,000000
26 1673819143 6414,600000 -1,000000 -101,000000 0,000000 0,000000
26 1673819144 6414,600000 -1,000000 -101,000000 0,000000 0,000000
26 1673819145 6414,600000 -1,000000 -101,000000 0,000000 0,000000
26 1673819146 6414,600000 -1,000000 -101,000000 0,000000 0,000000
26 1673819147 3418,200000 -1,000000 -101,000000 0,000000 0,000000
26 1673819148 3418,200000 -1,000000 -101,000000 0,000000 0,000000
26 1673819149 3418,200000 -1,000000 -101,000000 0,000000 0,000000
26 1673819150 3418,200000 -1,000000 -101,000000 0,000000 0,000000
26 1673819151 3418,200000 -1,000000 -101,000000 0,000000 0,000000
26 1673819152 2975,600000 -1,000000 -101,000000 0,000000 0,000000
26 1673819153 2975,600000 -1,000000 -101,000000 0,000000 0,000000
26 1673819154 2975,600000 -1,000000 -101,000000 0,000000 0,000000
26 1673819155 2975,600000 -1,000000 -101,000000 0,000000 0,000000
26 1673819156 2975,600000 -1,000000 -101,000000 0,000000 0,000000
26 1673819157 3703,000000 -1,000000 -101,000000 0,000000 0,000000
26 1673819158 3703,000000 -1,000000 -101,000000 0,000000 0,000000
26 1673819159 3703,000000 -1,000000 -101,000000 0,000000 0,000000
26 1673819160 3703,000000 -1,000000 -101,000000 0,000000 0,000000
26 1673819161 3703,000000 -1,000000 -101,000000 0,000000 0,000000
26 1673819162 5930,400000 -1,000000 -101,000000 0,000000 0,000000
26 1673819163 5930,400000 -1,000000 -101,000000 0,000000 0,000000
26 1673819164 5930,400000 -1,000000 -101,000000 0,000000 0,000000
26 1673819165 5930,400000 -1,000000 -101,000000 0,000000 0,000000
26 1673819166 5930,400000 -1,000000 -101,000000 0,000000 0,000000
26 1673819167 21618,200000 -1,000000 -101,000000 0,000000 0,000000
26 1673819168 21618,200000 -1,000000 -101,000000 0,000000 0,000000
26 1673819169 21618,200000 -1,000000 -101,000000 0,000000 0,000000
26 1673819170 21618,200000 -1,000000 -101,000000 0,000000 0,000000
26 1673819171 21618,200000 -1,000000 -101,000000 0,000000 0,000000
26 1673819172 12499,000000 -1,000000 -101,000000 0,000000 0,000000
26 1673819173 12499,000000 -1,000000 -101,000000 0,000000 0,000000
26 1673819174 12499,000000 -1,000000 -101,000000 0,000000 0,000000
26 1673819175 12499,000000 -1,000000 -101,000000 0,000000 0,000000
26 1673819176 12499,000000 -1,000000 -101,000000 0,000000 0,000000
26 1673819177 8240,600000 -1,000000 -101,000000 0,000000 0,000000
26 1673819178 8240,600000 -1,000000 -101,000000 0,000000 0,000000
26 1673819179 8240,600000 -1,000000 -101,000000 0,000000 0,000000
26 1673819180 8240,600000 -1,000000 -101,000000 0,000000 0,000000
26 1673819181 8240,600000 -1,000000 -101,000000 0,000000 0,000000
26 1673819182 2419,200000 -1,000000 -101,000000 0,000000 0,000000
26 1673819183 2419,200000 -1,000000 -101,000000 0,000000 0,000000
26 1673819184 2419,200000 -1,000000 -101,000000 0,000000 0,000000
26 1673819185 2419,200000 -1,000000 -101,000000 0,000000 0,000000
26 1673819186 2419,200000 -1,000000 -101,000000 0,000000 0,000000
26 1673819187 8589,000000 -1,000000 -101,000000 0,000000 0,000000
26 1673819188 8589,000000 -1,000000 -101,000000 0,000000 0,000000
26 1673819189 8589,000000 -1,000000 -101,000000 0,000000 0,000000
26 1673819190 8589,000000 -1,000000 -101,000000 0,000000 0,000000
26 1673819191 8589,000000 -1,000000 -101,000000 0,000000 0,000000
26 1673819192 5190,600000 -1,000000 -101,000000 0,000000 0,000000
26 1673819193 5190,600000 -1,000000 -101,000000 0,000000 0,000000
26 1673819194 5190,600000 -1,000000 -101,000000 0,000000 0,000000
26 1673819195 5190,600000 -1,000000 -101,000000 0,000000 0,000000
26 1673819196 5190,600000 -1,000000 -101,000000 0,000000 0,000000
26 1673819197 5600,600000 -1,000000 -101,000000 0,000000 0,000000
26 1673819198 5600,600000 -1,000000 -101,000000 0,000000 0,000000
26 1673819199 5600,600000 -1,000000 -101,000000 0,000000 0,000000
26 1673819200 5600,600000 -1,000000 -101,000000 0,000000 0,000000
26 1673819201 5600,600000 -1,000000 -101,000000 0,000000 0,000000
26 1673819202 6235,600000 -1,000000 -101,000000 0,000000 0,000000
26 1673819203 6235,600000 -1,000000 -101,000000 0,000000 0,000000
26 1673819204 6235,600000 -1,000000 -101,000000 0,000000 0,000000
26 1673819205 6235,600000 -1,000000 -101,000000 0,000000 0,000000
26 1673819206 6235,600000 -1,000000 -101,000000 0,000000 0,000000
26 1673819207 5749,200000 -1,000000 -101,000000 0,000000 0,000000
26 1673819208 5749,200000 -1,000000 -101,000000 0,000000 0,000000
26 1673819209 5749,200000 -1,000000 -101,000000 0,000000 0,000000
26 1673819210 5749,200000 -1,000000 -101,000000 0,000000 0,000000
26 1673819211 5749,200000 -1,000000 -101,000000 0,000000 0,000000
26 1673819212 5657,000000 -1,000000 -101,000000 0,000000 0,000000
26 1673819213 5657,000000 -1,000000 -101,000000 0,000000 0,000000
26 1673819214 5657,000000 -1,000000 -101,000000 0,000000 0,000000
26 1673819215 5657,000000 -1,000000 -101,000000 0,000000 0,000000
26 1673819216 5657,000000 -1,000000 -101,000000 0,000000 0,000000
26 1673819217 8521,400000 -1,000000 -101,000000 0,000000 0,000000
26 1673819218 8521,400000 -1,000000 -101,000000 0,000000 0,000000
26 1673819219 8521,400000 -1,000000 -101,000000 0,000000 0,000000
26 1673819220 8521,400000 -1,000000 -101,000000 0,000000 0,000000
26 1673819221 8521,400000 -1,000000 -101,000000 0,000000 0,000000
26 1673819222 5817,600000 -1,000000 -101,000000 0,000000 0,000000
26 1673819223 5817,600000 -1,000000 -101,000000 0,000000 0,000000
26 1673819224 5817,600000 -1,000000 -101,000000 0,000000 0,000000
26 1673819225 5817,600000 -1,000000 -101,000000 0,000000 0,000000
26 1673819226 5817,600000 -1,000000 -101,000000 0,000000 0,000000
26 1673819227 8022,400000 -1,000000 -101,000000 0,000000 0,000000
26 1673819228 8022,400000 -1,000000 -101,000000 0,000000 0,000000
26 1673819229 8022,400000 -1,000000 -101,000000 0,000000 0,000000
26 1673819230 8022,400000 -1,000000 -101,000000 0,000000 0,000000
26 1673819231 8022,400000 -1,000000 -101,000000 0,000000 0,000000
26 1673819232 2939,800000 -1,000000 -101,000000 0,000000 0,000000
26 1673819233 2939,800000 -1,000000 -101,000000 0,000000 0,000000
26 1673819234 2939,800000 -1,000000 -101,000000 0,000000 0,000000
26 1673819235 2939,800000 -1,000000 -101,000000 0,000000 0,000000
26 1673819236 2939,800000 -1,000000 -101,000000 0,000000 0,000000
26 1673819237 5389,400000 -1,000000 -101,000000 0,000000 0,000000
26 1673819238 5389,400000 -1,000000 -101,000000 0,000000 0,000000
26 1673819239 5389,400000 -1,000000 -101,000000 0,000000 0,000000
26 1673819240 5389,400000 -1,000000 -101,000000 0,000000 0,000000
26 1673819241 5389,400000 -1,000000 -101,000000 0,000000 0,000000
26 1673819242 4979,000000 -1,000000 -101,000000 0,000000 0,000000
26 1673819243 4979,000000 -1,000000 -101,000000 0,000000 0,000000
26 1673819244 4979,000000 -1,000000 -101,000000 0,000000 0,000000
26 1673819245 4979,000000 -1,000000 -101,000000 0,000000 0,000000
26 1673819246 4979,000000 -1,000000 -101,000000 0,000000 0,000000
26 1673819247 7589,600000 -1,000000 -101,000000 0,000000 0,000000
26 1673819248 7589,600000 -1,000000 -101,000000 0,000000 0,000000
26 1673819249 7589,600000 -1,000000 -101,000000 0,000000 0,000000
26 1673819250 7589,600000 -1,000000 -101,000000 0,000000 0,000000
26 1673819251 7589,600000 -1,000000 -101,000000 0,000000 0,000000
26 1673819252 6722,800000 -1,000000 -101,000000 0,000000 0,000000
26 1673819253 6722,800000 -1,000000 -101,000000 0,000000 0,000000
26 1673819254 6722,800000 -1,000000 -101,000000 0,000000 0,000000
26 1673819255 6722,800000 -1,000000 -101,000000 0,000000 0,000000
26 1673819256 6722,800000 -1,000000 -101,000000 0,000000 0,000000
26 1673819257 5171,000000 -1,000000 -101,000000 0,000000 0,000000
26 1673819258 5171,000000 -1,000000 -101,000000 0,000000 0,000000
26 1673819259 5171,000000 -1,000000 -101,000000 0,000000 0,000000
26 1673819260 5171,000000 -1,000000 -101,000000 0,000000 0,000000
26 1673819261 5171,000000 -1,000000 -101,000000 0,000000 0,000000
26 1673819262 9494,000000 -1,000000 -101,000000 0,000000 0,000000
26 1673819263 9494,000000 -1,000000 -101,000000 0,000000 0,000000
26 1673819264 9494,000000 -1,000000 -101,000000 0,000000 0,000000
26 1673819265 9494,000000 -1,000000 -101,000000 0,000000 0,000000
26 1673819266 9494,000000 -1,000000 -101,000000 0,000000 0,000000
26 1673819267 13173,800000 -1,000000 -101,000000 0,000000 0,000000
26 1673819268 13173,800000 -1,000000 -101,000000 0,000000 0,000000
26 1673819269 13173,800000 -1,000000 -101,000000 0,000000 0,000000
26 1673819270 13173,800000 -1,000000 -101,000000 0,000000 0,000000
26 1673819271 13173,800000 -1,000000 -101,000000 0,000000 0,000000
26 1673819272 7966,800000 -1,000000 -101,000000 0,000000 0,000000
26 1673819273 7966,800000 -1,000000 -101,000000 0,000000 0,000000
26 1673819274 7966,800000 -1,000000 -101,000000 0,000000 0,000000
26 1673819275 7966,800000 -1,000000 -101,000000 0,000000 0,000000
26 1673819276 7966,800000 -1,000000 -101,000000 0,000000 0,000000
26 1673819277 8125,000000 -1,000000 -101,000000 0,000000 0,000000
26 1673819278 8125,000000 -1,000000 -101,000000 0,000000 0,000000
26 1673819279 8125,000000 -1,000000 -101,000000 0,000000 0,000000
26 1673819280 8125,000000 -1,000000 -101,000000 0,000000 0,000000
26 1673819281 8125,000000 -1,000000 -101,000000 0,000000 0,000000
26 1673819282 5622,200000 -1,000000 -101,000000 0,000000 0,000000
26 1673819283 5622,200000 -1,000000 -101,000000 0,000000 0,000000
26 1673819284 5622,200000 -1,000000 -101,000000 0,000000 0,000000
26 1673819285 5622,200000 -1,000000 -101,000000 0,000000 0,000000
26 1673819286 5622,200000 -1,000000 -101,000000 0,000000 0,000000
26 1673819287 3286,200000 -1,000000 -101,000000 0,000000 0,000000
26 1673819288 3286,200000 -1,000000 -101,000000 0,000000 0,000000
26 1673819289 3286,200000 -1,000000 -101,000000 0,000000 0,000000
26 1673819290 3286,200000 -1,000000 -101,000000 0,000000 0,000000
26 1673819291 3286,200000 -1,000000 -101,000000 0,000000 0,000000
26 1673819292 3496,000000 -1,000000 -101,000000 0,000000 0,000000
26 1673819293 3496,000000 -1,000000 -101,000000 0,000000 0,000000
26 1673819294 3496,000000 -1,000000 -101,000000 0,000000 0,000000
26 1673819295 3496,000000 -1,000000 -101,000000 0,000000 0,000000
26 1673819296 3496,000000 -1,000000 -101,000000 0,000000 0,000000
26 1673819297 556,200000 -1,000000 -101,000000 0,000000 0,000000
26 1673819298 556,200000 -1,000000 -101,000000 0,000000 0,000000
26 1673819299 556,200000 -1,000000 -101,000000 0,000000 0,000000
26 1673819300 556,200000 -1,000000 -101,000000 0,000000 0,000000
26 1673819301 556,200000 -1,000000 -101,000000 0,000000 0,000000
26 1673819302 3270,400000 -1,000000 -101,000000 0,000000 0,000000
26 1673819303 3270,400000 -1,000000 -101,000000 0,000000 0,000000
26 1673819304 3270,400000 -1,000000 -101,000000 0,000000 0,000000
26 1673819305 3270,400000 -1,000000 -101,000000 0,000000 0,000000
26 1673819306 3270,400000 -1,000000 -101,000000 0,000000 0,000000
26 1673819307 7162,800000 -1,000000 -101,000000 0,000000 0,000000
26 1673819308 7162,800000 -1,000000 -101,000000 0,000000 0,000000
26 1673819309 7162,800000 -1,000000 -101,000000 0,000000 0,000000
26 1673819310 7162,800000 -1,000000 -101,000000 0,000000 0,000000
26 1673819311 7162,800000 -1,000000 -101,000000 0,000000 0,000000
26 1673819312 5986,600000 -1,000000 -101,000000 0,000000 0,000000
26 1673819313 5986,600000 -1,000000 -101,000000 0,000000 0,000000
26 1673819314 5986,600000 -1,000000 -101,000000 0,000000 0,000000
26 1673819315 5986,600000 -1,000000 -101,000000 0,000000 0,000000
26 1673819316 5986,600000 -1,000000 -101,000000 0,000000 0,000000
26 1673819317 7885,400000 -1,000000 -101,000000 0,000000 0,000000
26 1673819318 7885,400000 -1,000000 -101,000000 0,000000 0,000000
26 1673819319 7885,400000 -1,000000 -101,000000 0,000000 0,000000
26 1673819320 7885,400000 -1,000000 -101,000000 0,000000 0,000000
26 1673819321 7885,400000 -1,000000 -101,000000 0,000000 0,000000
26 1673819322 11531,600000 -1,000000 -101,000000 0,000000 0,000000
26 1673819323 11531,600000 -1,000000 -101,000000 0,000000 0,000000
26 1673819324 11531,600000 -1,000000 -101,000000 0,000000 0,000000
26 1673819325 11531,600000 -1,000000 -101,000000 0,000000 0,000000
26 1673819326 11531,600000 -1,000000 -101,000000 0,000000 0,000000
26 1673819327 8289,200000 -1,000000 -101,000000 0,000000 0,000000
26 1673819328 8289,200000 -1,000000 -101,000000 0,000000 0,000000
26 1673819329 8289,200000 -1,000000 -101,000000 0,000000 0,000000
26 1673819330 8289,200000 -1,000000 -101,000000 0,000000 0,000000
26 1673819331 8289,200000 -1,000000 -101,000000 0,000000 0,000000
26 1673819332 6542,800000 -1,000000 -101,000000 0,000000 0,000000
26 1673819333 6542,800000 -1,000000 -101,000000 0,000000 0,000000
26 1673819334 6542,800000 -1,000000 -101,000000 0,000000 0,000000
26 1673819335 6542,800000 -1,000000 -101,000000 0,000000 0,000000
26 1673819336 6542,800000 -1,000000 -101,000000 0,000000 0,000000
26 1673819337 6960,400000 -1,000000 -101,000000 0,000000 0,000000
26 1673819338 6960,400000 -1,000000 -101,000000 0,000000 0,000000
26 1673819339 6960,400000 -1,000000 -101,000000 0,000000 0,000000
26 1673819340 6960,400000 -1,000000 -101,000000 0,000000 0,000000
26 1673819341 6960,400000 -1,000000 -101,000000 0,000000 0,000000
26 1673819342 9536,800000 -1,000000 -101,000000 0,000000 0,000000
26 1673819343 9536,800000 -1,000000 -101,000000 0,000000 0,000000
26 1673819344 9536,800000 -1,000000 -101,000000 0,000000 0,000000
26 1673819345 9536,800000 -1,000000 -101,000000 0,000000 0,000000
26 1673819346 9536,800000 -1,000000 -101,000000 0,000000 0,000000
26 1673819347 3285,600000 -1,000000 -101,000000 0,000000 0,000000
26 1673819348 3285,600000 -1,000000 -101,000000 0,000000 0,000000
26 1673819349 3285,600000 -1,000000 -101,000000 0,000000 0,000000
26 1673819350 3285,600000 -1,000000 -101,000000 0,000000 0,000000
26 1673819351 3285,600000 -1,000000 -101,000000 0,000000 0,000000
26 1673819352 20806,400000 -1,000000 -101,000000 0,000000 0,000000
26 1673819353 20806,400000 -1,000000 -101,000000 0,000000 0,000000
26 1673819354 20806,400000 -1,000000 -101,000000 0,000000 0,000000
26 1673819355 20806,400000 -1,000000 -101,000000 0,000000 0,000000
26 1673819356 20806,400000 -1,000000 -101,000000 0,000000 0,000000
26 1673819357 5116,400000 -1,000000 -101,000000 0,000000 0,000000
26 1673819358 5116,400000 -1,000000 -101,000000 0,000000 0,000000
26 1673819359 5116,400000 -1,000000 -101,000000 0,000000 0,000000
26 1673819360 5116,400000 -1,000000 -101,000000 0,000000 0,000000
26 1673819361 5116,400000 -1,000000 -101,000000 0,000000 0,000000
26 1673819362 5428,800000 -1,000000 -101,000000 0,000000 0,000000
26 1673819363 5428,800000 -1,000000 -101,000000 0,000000 0,000000
26 1673819364 5428,800000 -1,000000 -101,000000 0,000000 0,000000
26 1673819365 5428,800000 -1,000000 -101,000000 0,000000 0,000000
26 1673819366 5428,800000 -1,000000 -101,000000 0,000000 0,000000
26 1673819367 3027,800000 -1,000000 -101,000000 0,000000 0,000000
26 1673819368 3027,800000 -1,000000 -101,000000 0,000000 0,000000
26 1673819369 3027,800000 -1,000000 -101,000000 0,000000 0,000000
26 1673819370 3027,800000 -1,000000 -101,000000 0,000000 0,000000
26 1673819371 3027,800000 -1,000000 -101,000000 0,000000 0,000000
26 1673819372 5401,000000 -1,000000 -101,000000 0,000000 0,000000
26 1673819373 5401,000000 -1,000000 -101,000000 0,000000 0,000000
26 1673819374 5401,000000 -1,000000 -101,000000 0,000000 0,000000
26 1673819375 5401,000000 -1,000000 -101,000000 0,000000 0,000000
26 1673819376 5401,000000 -1,000000 -101,000000 0,000000 0,000000
26 1673819377 240,000000 -1,000000 -101,000000 0,000000 0,000000
26 1673819378 240,000000 -1,000000 -101,000000 0,000000 0,000000
26 1673819379 240,000000 -1,000000 -101,000000 0,000000 0,000000
26 1673819380 240,000000 -1,000000 -101,000000 0,000000 0,000000
26 1673819381 240,000000 -1,000000 -101,000000 0,000000 0,000000
26 1673819382 8041,000000 -1,000000 -101,000000 0,000000 0,000000
26 1673819383 8041,000000 -1,000000 -101,000000 0,000000 0,000000
26 1673819384 8041,000000 -1,000000 -101,000000 0,000000 0,000000
26 1673819385 8041,000000 -1,000000 -101,000000 0,000000 0,000000
26 1673819386 8041,000000 -1,000000 -101,000000 0,000000 0,000000
26 1673819387 9693,200000 -1,000000 -101,000000 0,000000 0,000000
26 1673819388 9693,200000 -1,000000 -101,000000 0,000000 0,000000
26 1673819389 9693,200000 -1,000000 -101,000000 0,000000 0,000000
26 1673819390 9693,200000 -1,000000 -101,000000 0,000000 0,000000
26 1673819391 9693,200000 -1,000000 -101,000000 0,000000 0,000000
26 1673819392 14589,000000 -1,000000 -101,000000 0,000000 0,000000
26 1673819393 14589,000000 -1,000000 -101,000000 0,000000 0,000000
26 1673819394 14589,000000 -1,000000 -101,000000 0,000000 0,000000
26 1673819395 14589,000000 -1,000000 -101,000000 0,000000 0,000000
26 1673819396 14589,000000 -1,000000 -101,000000 0,000000 0,000000
26 1673819397 8906,800000 -1,000000 -101,000000 0,000000 0,000000
26 1673819398 8906,800000 -1,000000 -101,000000 0,000000 0,000000
26 1673819399 8906,800000 -1,000000 -101,000000 0,000000 0,000000
26 1673819400 8906,800000 -1,000000 -101,000000 0,000000 0,000000
26 1673819401 8906,800000 -1,000000 -101,000000 0,000000 0,000000
26 1673819402 6480,800000 -1,000000 -101,000000 0,000000 0,000000
26 1673819403 6480,800000 -1,000000 -101,000000 0,000000 0,000000
26 1673819404 6480,800000 -1,000000 -101,000000 0,000000 0,000000
26 1673819405 6480,800000 -1,000000 -101,000000 0,000000 0,000000
26 1673819406 6480,800000 -1,000000 -101,000000 0,000000 0,000000
26 1673819407 3264,200000 -1,000000 -101,000000 0,000000 0,000000
26 1673819408 3264,200000 -1,000000 -101,000000 0,000000 0,000000
26 1673819409 3264,200000 -1,000000 -101,000000 0,000000 0,000000
26 1673819410 3264,200000 -1,000000 -101,000000 0,000000 0,000000
26 1673819411 3264,200000 -1,000000 -101,000000 0,000000 0,000000
26 1673819412 7754,800000 -1,000000 -101,000000 0,000000 0,000000
26 1673819413 7754,800000 -1,000000 -101,000000 0,000000 0,000000
26 1673819414 7754,800000 -1,000000 -101,000000 0,000000 0,000000
26 1673819415 7754,800000 -1,000000 -101,000000 0,000000 0,000000
26 1673819416 7754,800000 -1,000000 -101,000000 0,000000 0,000000
26 1673819417 9554,000000 -1,000000 -101,000000 0,000000 0,000000
26 1673819418 9554,000000 -1,000000 -101,000000 0,000000 0,000000
26 1673819419 9554,000000 -1,000000 -101,000000 0,000000 0,000000
26 1673819420 9554,000000 -1,000000 -101,000000 0,000000 0,000000
26 1673819421 9554,000000 -1,000000 -101,000000 0,000000 0,000000
26 1673819422 7508,600000 -1,000000 -101,000000 0,000000 0,000000
26 1673819423 7508,600000 -1,000000 -101,000000 0,000000 0,000000
26 1673819424 7508,600000 -1,000000 -101,000000 0,000000 0,000000
26 1673819425 7508,600000 -1,000000 -101,000000 0,000000 0,000000
26 1673819426 7508,600000 -1,000000 -101,000000 0,000000 0,000000
26 1673819427 6724,200000 -1,000000 -101,000000 0,000000 0,000000
26 1673819428 6724,200000 -1,000000 -101,000000 0,000000 0,000000
26 1673819429 6724,200000 -1,000000 -101,000000 0,000000 0,000000
26 1673819430 6724,200000 -1,000000 -101,000000 0,000000 0,000000
26 1673819431 6724,200000 -1,000000 -101,000000 0,000000 0,000000
26 1673819432 3607,400000 -1,000000 -101,000000 0,000000 0,000000
26 1673819433 3607,400000 -1,000000 -101,000000 0,000000 0,000000
26 1673819434 3607,400000 -1,000000 -101,000000 0,000000 0,000000
26 1673819435 3607,400000 -1,000000 -101,000000 0,000000 0,000000
26 1673819436 3607,400000 -1,000000 -101,000000 0,000000 0,000000
26 1673819437 1568,400000 -1,000000 -101,000000 0,000000 0,000000
26 1673819438 1568,400000 -1,000000 -101,000000 0,000000 0,000000
26 1673819439 1568,400000 -1,000000 -101,000000 0,000000 0,000000
26 1673819440 1568,400000 -1,000000 -101,000000 0,000000 0,000000
26 1673819441 1568,400000 -1,000000 -101,000000 0,000000 0,000000
26 1673819442 4530,600000 -1,000000 -101,000000 0,000000 0,000000
26 1673819443 4530,600000 -1,000000 -101,000000 0,000000 0,000000
26 1673819444 4530,600000 -1,000000 -101,000000 0,000000 0,000000
26 1673819445 4530,600000 -1,000000 -101,000000 0,000000 0,000000
26 1673819446 4530,600000 -1,000000 -101,000000 0,000000 0,000000
26 1673819447 1568,000000 -1,000000 -101,000000 0,000000 0,000000
26 1673819448 1568,000000 -1,000000 -101,000000 0,000000 0,000000
26 1673819449 1568,000000 -1,000000 -101,000000 0,000000 0,000000
26 1673819450 1568,000000 -1,000000 -101,000000 0,000000 0,000000
26 1673819451 1568,000000 -1,000000 -101,000000 0,000000 0,000000
26 1673819452 10288,000000 -1,000000 -101,000000 0,000000 0,000000
26 1673819453 10288,000000 -1,000000 -101,000000 0,000000 0,000000
26 1673819454 10288,000000 -1,000000 -101,000000 0,000000 0,000000
26 1673819455 10288,000000 -1,000000 -101,000000 0,000000 0,000000
26 1673819456 10288,000000 -1,000000 -101,000000 0,000000 0,000000
26 1673819457 7805,200000 -1,000000 -101,000000 0,000000 0,000000
26 1673819458 7805,200000 -1,000000 -101,000000 0,000000 0,000000
26 1673819459 7805,200000 -1,000000 -101,000000 0,000000 0,000000
26 1673819460 7805,200000 -1,000000 -101,000000 0,000000 0,000000
26 1673819461 7805,200000 -1,000000 -101,000000 0,000000 0,000000
26 1673819462 10390,200000 -1,000000 -101,000000 0,000000 0,000000
26 1673819463 10390,200000 -1,000000 -101,000000 0,000000 0,000000
26 1673819464 10390,200000 -1,000000 -101,000000 0,000000 0,000000
26 1673819465 10390,200000 -1,000000 -101,000000 0,000000 0,000000
26 1673819466 10390,200000 -1,000000 -101,000000 0,000000 0,000000
26 1673819467 2065,600000 -1,000000 -101,000000 0,000000 0,000000
26 1673819468 2065,600000 -1,000000 -101,000000 0,000000 0,000000
26 1673819469 2065,600000 -1,000000 -101,000000 0,000000 0,000000
26 1673819470 2065,600000 -1,000000 -101,000000 0,000000 0,000000
26 1673819471 2065,600000 -1,000000 -101,000000 0,000000 0,000000
26 1673819472 11770,000000 -1,000000 -101,000000 0,000000 0,000000
26 1673819473 11770,000000 -1,000000 -101,000000 0,000000 0,000000
26 1673819474 11770,000000 -1,000000 -101,000000 0,000000 0,000000
26 1673819475 11770,000000 -1,000000 -101,000000 0,000000 0,000000
26 1673819476 11770,000000 -1,000000 -101,000000 0,000000 0,000000
26 1673819477 8880,800000 -1,000000 -101,000000 0,000000 0,000000
26 1673819478 8880,800000 -1,000000 -101,000000 0,000000 0,000000
26 1673819479 8880,800000 -1,000000 -101,000000 0,000000 0,000000
26 1673819480 8880,800000 -1,000000 -101,000000 0,000000 0,000000
26 1673819481 8880,800000 -1,000000 -101,000000 0,000000 0,000000
26 1673819482 10810,400000 -1,000000 -101,000000 0,000000 0,000000
26 1673819483 10810,400000 -1,000000 -101,000000 0,000000 0,000000
26 1673819484 10810,400000 -1,000000 -101,000000 0,000000 0,000000
26 1673819485 10810,400000 -1,000000 -101,000000 0,000000 0,000000
26 1673819486 10810,400000 -1,000000 -101,000000 0,000000 0,000000
26 1673819487 10065,200000 -1,000000 -101,000000 0,000000 0,000000
26 1673819488 10065,200000 -1,000000 -101,000000 0,000000 0,000000
26 1673819489 10065,200000 -1,000000 -101,000000 0,000000 0,000000
26 1673819490 10065,200000 -1,000000 -101,000000 0,000000 0,000000
26 1673819491 10065,200000 -1,000000 -101,000000 0,000000 0,000000
26 1673819492 5318,200000 -1,000000 -101,000000 0,000000 0,000000
26 1673819493 5318,200000 -1,000000 -101,000000 0,000000 0,000000
26 1673819494 5318,200000 -1,000000 -101,000000 0,000000 0,000000
26 1673819495 5318,200000 -1,000000 -101,000000 0,000000 0,000000
26 1673819496 5318,200000 -1,000000 -101,000000 0,000000 0,000000
26 1673819497 10272,000000 -1,000000 -101,000000 0,000000 0,000000
26 1673819498 10272,000000 -1,000000 -101,000000 0,000000 0,000000
26 1673819499 10272,000000 -1,000000 -101,000000 0,000000 0,000000
26 1673819500 10272,000000 -1,000000 -101,000000 0,000000 0,000000
26 1673819501 10272,000000 -1,000000 -101,000000 0,000000 0,000000
26 1673819502 2493,000000 -1,000000 -101,000000 0,000000 0,000000
26 1673819503 2493,000000 -1,000000 -101,000000 0,000000 0,000000
26 1673819504 2493,000000 -1,000000 -101,000000 0,000000 0,000000
26 1673819505 2493,000000 -1,000000 -101,000000 0,000000 0,000000
26 1673819506 2493,000000 -1,000000 -101,000000 0,000000 0,000000
26 1673819507 3657,000000 -1,000000 -101,000000 0,000000 0,000000
26 1673819508 3657,000000 -1,000000 -101,000000 0,000000 0,000000
26 1673819509 3657,000000 -1,000000 -101,000000 0,000000 0,000000
26 1673819510 3657,000000 -1,000000 -101,000000 0,000000 0,000000
26 1673819511 3657,000000 -1,000000 -101,000000 0,000000 0,000000
26 1673819512 2377,200000 -1,000000 -101,000000 0,000000 0,000000
26 1673819513 2377,200000 -1,000000 -101,000000 0,000000 0,000000
26 1673819514 2377,200000 -1,000000 -101,000000 0,000000 0,000000
26 1673819515 2377,200000 -1,000000 -101,000000 0,000000 0,000000
26 1673819516 2377,200000 -1,000000 -101,000000 0,000000 0,000000
26 1673819517 5434,800000 -1,000000 -101,000000 0,000000 0,000000
26 1673819518 5434,800000 -1,000000 -101,000000 0,000000 0,000000
26 1673819519 5434,800000 -1,000000 -101,000000 0,000000 0,000000
26 1673819520 5434,800000 -1,000000 -101,000000 0,000000 0,000000
26 1673819521 5434,800000 -1,000000 -101,000000 0,000000 0,000000
26 1673819522 8258,600000 -1,000000 -101,000000 0,000000 0,000000
26 1673819523 8258,600000 -1,000000 -101,000000 0,000000 0,000000
26 1673819524 8258,600000 -1,000000 -101,000000 0,000000 0,000000
26 1673819525 8258,600000 -1,000000 -101,000000 0,000000 0,000000
26 1673819526 8258,600000 -1,000000 -101,000000 0,000000 0,000000
26 1673819527 4612,600000 -1,000000 -101,000000 0,000000 0,000000
26 1673819528 4612,600000 -1,000000 -101,000000 0,000000 0,000000
26 1673819529 4612,600000 -1,000000 -101,000000 0,000000 0,000000
26 1673819530 4612,600000 -1,000000 -101,000000 0,000000 0,000000
26 1673819531 4612,600000 -1,000000 -101,000000 0,000000 0,000000
26 1673819532 8041,400000 -1,000000 -101,000000 0,000000 0,000000
26 1673819533 8041,400000 -1,000000 -101,000000 0,000000 0,000000
26 1673819534 8041,400000 -1,000000 -101,000000 0,000000 0,000000
26 1673819535 8041,400000 -1,000000 -101,000000 0,000000 0,000000
26 1673819536 8041,400000 -1,000000 -101,000000 0,000000 0,000000
26 1673819537 1584,600000 -1,000000 -101,000000 0,000000 0,000000
26 1673819538 1584,600000 -1,000000 -101,000000 0,000000 0,000000
26 1673819539 1584,600000 -1,000000 -101,000000 0,000000 0,000000
26 1673819540 1584,600000 -1,000000 -101,000000 0,000000 0,000000
26 1673819541 1584,600000 -1,000000 -101,000000 0,000000 0,000000
26 1673819542 5572,600000 -1,000000 -101,000000 0,000000 0,000000
26 1673819543 5572,600000 -1,000000 -101,000000 0,000000 0,000000
26 1673819544 5572,600000 -1,000000 -101,000000 0,000000 0,000000
26 1673819545 5572,600000 -1,000000 -101,000000 0,000000 0,000000
26 1673819546 5572,600000 -1,000000 -101,000000 0,000000 0,000000
26 1673819547 8963,200000 -1,000000 -101,000000 0,000000 0,000000
26 1673819548 8963,200000 -1,000000 -101,000000 0,000000 0,000000
26 1673819549 8963,200000 -1,000000 -101,000000 0,000000 0,000000
26 1673819550 8963,200000 -1,000000 -101,000000 0,000000 0,000000
26 1673819551 8963,200000 -1,000000 -101,000000 0,000000 0,000000
26 1673819552 5261,200000 -1,000000 -101,000000 0,000000 0,000000
26 1673819553 5261,200000 -1,000000 -101,000000 0,000000 0,000000
26 1673819554 5261,200000 -1,000000 -101,000000 0,000000 0,000000
26 1673819555 5261,200000 -1,000000 -101,000000 0,000000 0,000000
26 1673819556 5261,200000 -1,000000 -101,000000 0,000000 0,000000
26 1673819557 10014,400000 -1,000000 -101,000000 0,000000 0,000000
26 1673819558 10014,400000 -1,000000 -101,000000 0,000000 0,000000
26 1673819559 10014,400000 -1,000000 -101,000000 0,000000 0,000000
26 1673819560 10014,400000 -1,000000 -101,000000 0,000000 0,000000
26 1673819561 10014,400000 -1,000000 -101,000000 0,000000 0,000000
26 1673819562 11341,400000 -1,000000 -101,000000 0,000000 0,000000
26 1673819563 11341,400000 -1,000000 -101,000000 0,000000 0,000000
26 1673819564 11341,400000 -1,000000 -101,000000 0,000000 0,000000
26 1673819565 11341,400000 -1,000000 -101,000000 0,000000 0,000000
26 1673819566 11341,400000 -1,000000 -101,000000 0,000000 0,000000
26 1673819567 6282,400000 -1,000000 -101,000000 0,000000 0,000000
26 1673819568 6282,400000 -1,000000 -101,000000 0,000000 0,000000
26 1673819569 6282,400000 -1,000000 -101,000000 0,000000 0,000000
26 1673819570 6282,400000 -1,000000 -101,000000 0,000000 0,000000
26 1673819571 6282,400000 -1,000000 -101,000000 0,000000 0,000000
26 1673819572 12391,800000 -1,000000 -101,000000 0,000000 0,000000
26 1673819573 12391,800000 -1,000000 -101,000000 0,000000 0,000000
26 1673819574 12391,800000 -1,000000 -101,000000 0,000000 0,000000
26 1673819575 12391,800000 -1,000000 -101,000000 0,000000 0,000000
26 1673819576 12391,800000 -1,000000 -101,000000 0,000000 0,000000
26 1673819577 6103,200000 -1,000000 -101,000000 0,000000 0,000000
26 1673819578 6103,200000 -1,000000 -101,000000 0,000000 0,000000
26 1673819579 6103,200000 -1,000000 -101,000000 0,000000 0,000000
26 1673819580 6103,200000 -1,000000 -101,000000 0,000000 0,000000
26 1673819581 6103,200000 -1,000000 -101,000000 0,000000 0,000000
26 1673819582 6145,400000 -1,000000 -101,000000 0,000000 0,000000
26 1673819583 6145,400000 -1,000000 -101,000000 0,000000 0,000000
26 1673819584 6145,400000 -1,000000 -101,000000 0,000000 0,000000
26 1673819585 6145,400000 -1,000000 -101,000000 0,000000 0,000000
26 1673819586 6145,400000 -1,000000 -101,000000 0,000000 0,000000
26 1673819587 5786,200000 -1,000000 -101,000000 0,000000 0,000000
26 1673819588 5786,200000 -1,000000 -101,000000 0,000000 0,000000
26 1673819589 5786,200000 -1,000000 -101,000000 0,000000 0,000000
26 1673819590 5786,200000 -1,000000 -101,000000 0,000000 0,000000
26 1673819591 5786,200000 -1,000000 -101,000000 0,000000 0,000000
26 1673819592 4934,200000 -1,000000 -101,000000 0,000000 0,000000
26 1673819593 4934,200000 -1,000000 -101,000000 0,000000 0,000000
26 1673819594 4934,200000 -1,000000 -101,000000 0,000000 0,000000
26 1673819595 4934,200000 -1,000000 -101,000000 0,000000 0,000000
26 1673819596 4934,200000 -1,000000 -101,000000 0,000000 0,000000
26 1673819597 5908,600000 -1,000000 -101,000000 0,000000 0,000000
26 1673819598 5908,600000 -1,000000 -101,000000 0,000000 0,000000
26 1673819599 5908,600000 -1,000000 -101,000000 0,000000 0,000000
26 1673819600 5908,600000 -1,000000 -101,000000 0,000000 0,000000
26 1673819601 5908,600000 -1,000000 -101,000000 0,000000 0,000000
26 1673819602 2986,200000 -1,000000 -101,000000 0,000000 0,000000
26 1673819603 2986,200000 -1,000000 -101,000000 0,000000 0,000000
26 1673819604 2986,200000 -1,000000 -101,000000 0,000000 0,000000
26 1673819605 2986,200000 -1,000000 -101,000000 0,000000 0,000000
26 1673819606 2986,200000 -1,000000 -101,000000 0,000000 0,000000
26 1673819607 6885,000000 -1,000000 -101,000000 0,000000 0,000000
26 1673819608 6885,000000 -1,000000 -101,000000 0,000000 0,000000
26 1673819609 6885,000000 -1,000000 -101,000000 0,000000 0,000000
26 1673819610 6885,000000 -1,000000 -101,000000 0,000000 0,000000
26 1673819611 6885,000000 -1,000000 -101,000000 0,000000 0,000000
26 1673819612 2066,000000 -1,000000 -101,000000 0,000000 0,000000
26 1673819613 2066,000000 -1,000000 -101,000000 0,000000 0,000000
26 1673819614 2066,000000 -1,000000 -101,000000 0,000000 0,000000
26 1673819615 2066,000000 -1,000000 -101,000000 0,000000 0,000000
26 1673819616 2066,000000 -1,000000 -101,000000 0,000000 0,000000
26 1673819617 3864,000000 -1,000000 -101,000000 0,000000 0,000000
26 1673819618 3864,000000 -1,000000 -101,000000 0,000000 0,000000
26 1673819619 3864,000000 -1,000000 -101,000000 0,000000 0,000000
26 1673819620 3864,000000 -1,000000 -101,000000 0,000000 0,000000
26 1673819621 3864,000000 -1,000000 -101,000000 0,000000 0,000000
26 1673819622 3969,400000 -1,000000 -101,000000 0,000000 0,000000
26 1673819623 3969,400000 -1,000000 -101,000000 0,000000 0,000000
26 1673819624 3969,400000 -1,000000 -101,000000 0,000000 0,000000
26 1673819625 3969,400000 -1,000000 -101,000000 0,000000 0,000000
26 1673819626 3969,400000 -1,000000 -101,000000 0,000000 0,000000
26 1673819627 3997,800000 -1,000000 -101,000000 0,000000 0,000000
26 1673819628 3997,800000 -1,000000 -101,000000 0,000000 0,000000
26 1673819629 3997,800000 -1,000000 -101,000000 0,000000 0,000000
26 1673819630 3997,800000 -1,000000 -101,000000 0,000000 0,000000
26 1673819631 3997,800000 -1,000000 -101,000000 0,000000 0,000000
26 1673819632 6795,800000 -1,000000 -101,000000 0,000000 0,000000
26 1673819633 6795,800000 -1,000000 -101,000000 0,000000 0,000000
26 1673819634 6795,800000 -1,000000 -101,000000 0,000000 0,000000
26 1673819635 6795,800000 -1,000000 -101,000000 0,000000 0,000000
26 1673819636 6795,800000 -1,000000 -101,000000 0,000000 0,000000
26 1673819637 10736,600000 -1,000000 -101,000000 0,000000 0,000000
26 1673819638 10736,600000 -1,000000 -101,000000 0,000000 0,000000
26 1673819639 10736,600000 -1,000000 -101,000000 0,000000 0,000000
26 1673819640 10736,600000 -1,000000 -101,000000 0,000000 0,000000
26 1673819641 10736,600000 -1,000000 -101,000000 0,000000 0,000000
26 1673819642 14318,600000 -1,000000 -101,000000 0,000000 0,000000
26 1673819643 14318,600000 -1,000000 -101,000000 0,000000 0,000000
26 1673819644 14318,600000 -1,000000 -101,000000 0,000000 0,000000
26 1673819645 14318,600000 -1,000000 -101,000000 0,000000 0,000000
26 1673819646 14318,600000 -1,000000 -101,000000 0,000000 0,000000
26 1673819647 15331,000000 -1,000000 -101,000000 0,000000 0,000000
26 1673819648 15331,000000 -1,000000 -101,000000 0,000000 0,000000
26 1673819649 15331,000000 -1,000000 -101,000000 0,000000 0,000000
26 1673819650 15331,000000 -1,000000 -101,000000 0,000000 0,000000
26 1673819651 15331,000000 -1,000000 -101,000000 0,000000 0,000000
26 1673819652 8318,600000 -1,000000 -101,000000 0,000000 0,000000
26 1673819653 8318,600000 -1,000000 -101,000000 0,000000 0,000000
26 1673819654 8318,600000 -1,000000 -101,000000 0,000000 0,000000
26 1673819655 8318,600000 -1,000000 -101,000000 0,000000 0,000000
26 1673819656 8318,600000 -1,000000 -101,000000 0,000000 0,000000
26 1673819657 4138,800000 -1,000000 -101,000000 0,000000 0,000000
26 1673819658 4138,800000 -1,000000 -101,000000 0,000000 0,000000
26 1673819659 4138,800000 -1,000000 -101,000000 0,000000 0,000000
26 1673819660 4138,800000 -1,000000 -101,000000 0,000000 0,000000
26 1673819661 4138,800000 -1,000000 -101,000000 0,000000 0,000000
26 1673819662 2752,800000 -1,000000 -101,000000 0,000000 0,000000
26 1673819663 2752,800000 -1,000000 -101,000000 0,000000 0,000000
26 1673819664 2752,800000 -1,000000 -101,000000 0,000000 0,000000
26 1673819665 2752,800000 -1,000000 -101,000000 0,000000 0,000000
26 1673819666 2752,800000 -1,000000 -101,000000 0,000000 0,000000
26 1673819667 6103,000000 -1,000000 -101,000000 0,000000 0,000000
26 1673819668 6103,000000 -1,000000 -101,000000 0,000000 0,000000
26 1673819669 6103,000000 -1,000000 -101,000000 0,000000 0,000000
26 1673819670 6103,000000 -1,000000 -101,000000 0,000000 0,000000
26 1673819671 6103,000000 -1,000000 -101,000000 0,000000 0,000000
26 1673819672 5348,200000 -1,000000 -101,000000 0,000000 0,000000
26 1673819673 5348,200000 -1,000000 -101,000000 0,000000 0,000000
26 1673819674 5348,200000 -1,000000 -101,000000 0,000000 0,000000
26 1673819675 5348,200000 -1,000000 -101,000000 0,000000 0,000000
26 1673819676 5348,200000 -1,000000 -101,000000 0,000000 0,000000
26 1673819677 8416,000000 -1,000000 -101,000000 0,000000 0,000000
26 1673819678 8416,000000 -1,000000 -101,000000 0,000000 0,000000
26 1673819679 8416,000000 -1,000000 -101,000000 0,000000 0,000000
26 1673819680 8416,000000 -1,000000 -101,000000 0,000000 0,000000
26 1673819681 8416,000000 -1,000000 -101,000000 0,000000 0,000000
26 1673819682 796,000000 -1,000000 -101,000000 0,000000 0,000000
26 1673819683 796,000000 -1,000000 -101,000000 0,000000 0,000000
26 1673819684 796,000000 -1,000000 -101,000000 0,000000 0,000000
26 1673819685 796,000000 -1,000000 -101,000000 0,000000 0,000000
26 1673819686 796,000000 -1,000000 -101,000000 0,000000 0,000000
26 1673819687 3051,000000 -1,000000 -101,000000 0,000000 0,000000
26 1673819688 3051,000000 -1,000000 -101,000000 0,000000 0,000000
26 1673819689 3051,000000 -1,000000 -101,000000 0,000000 0,000000
26 1673819690 3051,000000 -1,000000 -101,000000 0,000000 0,000000
26 1673819691 3051,000000 -1,000000 -101,000000 0,000000 0,000000
26 1673819692 4064,600000 -1,000000 -101,000000 0,000000 0,000000
26 1673819693 4064,600000 -1,000000 -101,000000 0,000000 0,000000
26 1673819694 4064,600000 -1,000000 -101,000000 0,000000 0,000000
26 1673819695 4064,600000 -1,000000 -101,000000 0,000000 0,000000
26 1673819696 4064,600000 -1,000000 -101,000000 0,000000 0,000000
26 1673819697 5101,200000 -1,000000 -101,000000 0,000000 0,000000
26 1673819698 5101,200000 -1,000000 -101,000000 0,000000 0,000000
26 1673819699 5101,200000 -1,000000 -101,000000 0,000000 0,000000
26 1673819700 5101,200000 -1,000000 -101,000000 0,000000 0,000000
26 1673819701 5101,200000 -1,000000 -101,000000 0,000000 0,000000
26 1673819702 5284,000000 -1,000000 -101,000000 0,000000 0,000000
26 1673819703 5284,000000 -1,000000 -101,000000 0,000000 0,000000
26 1673819704 5284,000000 -1,000000 -101,000000 0,000000 0,000000
26 1673819705 5284,000000 -1,000000 -101,000000 0,000000 0,000000
26 1673819706 5284,000000 -1,000000 -101,000000 0,000000 0,000000
26 1673819707 10465,200000 -1,000000 -101,000000 0,000000 0,000000
26 1673819708 10465,200000 -1,000000 -101,000000 0,000000 0,000000
26 1673819709 10465,200000 -1,000000 -101,000000 0,000000 0,000000
26 1673819710 10465,200000 -1,000000 -101,000000 0,000000 0,000000
26 1673819711 10465,200000 -1,000000 -101,000000 0,000000 0,000000
26 1673819712 10534,600000 -1,000000 -101,000000 0,000000 0,000000
26 1673819713 10534,600000 -1,000000 -101,000000 0,000000 0,000000
26 1673819714 10534,600000 -1,000000 -101,000000 0,000000 0,000000
26 1673819715 10534,600000 -1,000000 -101,000000 0,000000 0,000000
26 1673819716 10534,600000 -1,000000 -101,000000 0,000000 0,000000
26 1673819717 3917,600000 -1,000000 -101,000000 0,000000 0,000000
26 1673819718 3917,600000 -1,000000 -101,000000 0,000000 0,000000
26 1673819719 3917,600000 -1,000000 -101,000000 0,000000 0,000000
26 1673819720 3917,600000 -1,000000 -101,000000 0,000000 0,000000
26 1673819721 3917,600000 -1,000000 -101,000000 0,000000 0,000000
26 1673819722 3074,800000 -1,000000 -101,000000 0,000000 0,000000
26 1673819723 3074,800000 -1,000000 -101,000000 0,000000 0,000000
26 1673819724 3074,800000 -1,000000 -101,000000 0,000000 0,000000
26 1673819725 3074,800000 -1,000000 -101,000000 0,000000 0,000000
26 1673819726 3074,800000 -1,000000 -101,000000 0,000000 0,000000
26 1673819727 21431,400000 -1,000000 -101,000000 0,000000 0,000000
26 1673819728 21431,400000 -1,000000 -101,000000 0,000000 0,000000
26 1673819729 21431,400000 -1,000000 -101,000000 0,000000 0,000000
26 1673819730 21431,400000 -1,000000 -101,000000 0,000000 0,000000
26 1673819731 21431,400000 -1,000000 -101,000000 0,000000 0,000000
26 1673819732 5813,400000 -1,000000 -101,000000 0,000000 0,000000
26 1673819733 5813,400000 -1,000000 -101,000000 0,000000 0,000000
26 1673819734 5813,400000 -1,000000 -101,000000 0,000000 0,000000
26 1673819735 5813,400000 -1,000000 -101,000000 0,000000 0,000000
26 1673819736 5813,400000 -1,000000 -101,000000 0,000000 0,000000
26 1673819737 10518,200000 -1,000000 -101,000000 0,000000 0,000000
26 1673819738 10518,200000 -1,000000 -101,000000 0,000000 0,000000
26 1673819739 10518,200000 -1,000000 -101,000000 0,000000 0,000000
26 1673819740 10518,200000 -1,000000 -101,000000 0,000000 0,000000
26 1673819741 10518,200000 -1,000000 -101,000000 0,000000 0,000000
26 1673819742 9496,600000 -1,000000 -101,000000 0,000000 0,000000
26 1673819743 9496,600000 -1,000000 -101,000000 0,000000 0,000000
26 1673819744 9496,600000 -1,000000 -101,000000 0,000000 0,000000
26 1673819745 9496,600000 -1,000000 -101,000000 0,000000 0,000000
26 1673819746 9496,600000 -1,000000 -101,000000 0,000000 0,000000
26 1673819747 6594,600000 -1,000000 -101,000000 0,000000 0,000000
26 1673819748 6594,600000 -1,000000 -101,000000 0,000000 0,000000
26 1673819749 6594,600000 -1,000000 -101,000000 0,000000 0,000000
26 1673819750 6594,600000 -1,000000 -101,000000 0,000000 0,000000
26 1673819751 6594,600000 -1,000000 -101,000000 0,000000 0,000000
26 1673819752 20956,200000 -1,000000 -101,000000 0,000000 0,000000
26 1673819753 20956,200000 -1,000000 -101,000000 0,000000 0,000000
26 1673819754 20956,200000 -1,000000 -101,000000 0,000000 0,000000
26 1673819755 20956,200000 -1,000000 -101,000000 0,000000 0,000000
26 1673819756 20956,200000 -1,000000 -101,000000 0,000000 0,000000
26 1673819757 1938,400000 -1,000000 -101,000000 0,000000 0,000000
26 1673819758 1938,400000 -1,000000 -101,000000 0,000000 0,000000
26 1673819759 1938,400000 -1,000000 -101,000000 0,000000 0,000000
26 1673819760 1938,400000 -1,000000 -101,000000 0,000000 0,000000
26 1673819761 1938,400000 -1,000000 -101,000000 0,000000 0,000000
26 1673819762 3657,200000 -1,000000 -101,000000 0,000000 0,000000
26 1673819763 3657,200000 -1,000000 -101,000000 0,000000 0,000000
26 1673819764 3657,200000 -1,000000 -101,000000 0,000000 0,000000
26 1673819765 3657,200000 -1,000000 -101,000000 0,000000 0,000000
26 1673819766 3657,200000 -1,000000 -101,000000 0,000000 0,000000
26 1673819767 4875,000000 -1,000000 -101,000000 0,000000 0,000000
26 1673819768 4875,000000 -1,000000 -101,000000 0,000000 0,000000
26 1673819769 4875,000000 -1,000000 -101,000000 0,000000 0,000000
26 1673819770 4875,000000 -1,000000 -101,000000 0,000000 0,000000
26 1673819771 4875,000000 -1,000000 -101,000000 0,000000 0,000000
26 1673819772 8499,400000 -1,000000 -101,000000 0,000000 0,000000
26 1673819773 8499,400000 -1,000000 -101,000000 0,000000 0,000000
26 1673819774 8499,400000 -1,000000 -101,000000 0,000000 0,000000
26 1673819775 8499,400000 -1,000000 -101,000000 0,000000 0,000000
26 1673819776 8499,400000 -1,000000 -101,000000 0,000000 0,000000
26 1673819777 9545,000000 -1,000000 -101,000000 0,000000 0,000000
26 1673819778 9545,000000 -1,000000 -101,000000 0,000000 0,000000
26 1673819779 9545,000000 -1,000000 -101,000000 0,000000 0,000000
26 1673819780 9545,000000 -1,000000 -101,000000 0,000000 0,000000
26 1673819781 9545,000000 -1,000000 -101,000000 0,000000 0,000000
26 1673819782 8677,800000 -1,000000 -101,000000 0,000000 0,000000
26 1673819783 8677,800000 -1,000000 -101,000000 0,000000 0,000000
26 1673819784 8677,800000 -1,000000 -101,000000 0,000000 0,000000
26 1673819785 8677,800000 -1,000000 -101,000000 0,000000 0,000000
26 1673819786 8677,800000 -1,000000 -101,000000 0,000000 0,000000
26 1673819787 12662,200000 -1,000000 -101,000000 0,000000 0,000000
26 1673819788 12662,200000 -1,000000 -101,000000 0,000000 0,000000
26 1673819789 12662,200000 -1,000000 -101,000000 0,000000 0,000000
26 1673819790 12662,200000 -1,000000 -101,000000 0,000000 0,000000
26 1673819791 12662,200000 -1,000000 -101,000000 0,000000 0,000000
26 1673819792 1883,000000 -1,000000 -101,000000 0,000000 0,000000
26 1673819793 1883,000000 -1,000000 -101,000000 0,000000 0,000000
26 1673819794 1883,000000 -1,000000 -101,000000 0,000000 0,000000
26 1673819795 1883,000000 -1,000000 -101,000000 0,000000 0,000000
26 1673819796 1883,000000 -1,000000 -101,000000 0,000000 0,000000
26 1673819797 4644,800000 -1,000000 -101,000000 0,000000 0,000000
26 1673819798 4644,800000 -1,000000 -101,000000 0,000000 0,000000
26 1673819799 4644,800000 -1,000000 -101,000000 0,000000 0,000000
26 1673819800 4644,800000 -1,000000 -101,000000 0,000000 0,000000
26 1673819801 4644,800000 -1,000000 -101,000000 0,000000 0,000000
26 1673819802 3958,400000 -1,000000 -101,000000 0,000000 0,000000
26 1673819803 3958,400000 -1,000000 -101,000000 0,000000 0,000000
26 1673819804 3958,400000 -1,000000 -101,000000 0,000000 0,000000
26 1673819805 3958,400000 -1,000000 -101,000000 0,000000 0,000000
26 1673819806 3958,400000 -1,000000 -101,000000 0,000000 0,000000
26 1673819807 904,000000 -1,000000 -101,000000 0,000000 0,000000
26 1673819808 904,000000 -1,000000 -101,000000 0,000000 0,000000
26 1673819809 904,000000 -1,000000 -101,000000 0,000000 0,000000
26 1673819810 904,000000 -1,000000 -101,000000 0,000000 0,000000
26 1673819811 904,000000 -1,000000 -101,000000 0,000000 0,000000
26 1673819812 6314,600000 -1,000000 -101,000000 0,000000 0,000000
26 1673819813 6314,600000 -1,000000 -101,000000 0,000000 0,000000
26 1673819814 6314,600000 -1,000000 -101,000000 0,000000 0,000000
26 1673819815 6314,600000 -1,000000 -101,000000 0,000000 0,000000
26 1673819816 6314,600000 -1,000000 -101,000000 0,000000 0,000000
26 1673819817 6235,800000 -1,000000 -101,000000 0,000000 0,000000
26 1673819818 6235,800000 -1,000000 -101,000000 0,000000 0,000000
26 1673819819 6235,800000 -1,000000 -101,000000 0,000000 0,000000
26 1673819820 6235,800000 -1,000000 -101,000000 0,000000 0,000000
26 1673819821 6235,800000 -1,000000 -101,000000 0,000000 0,000000
26 1673819822 9274,200000 -1,000000 -101,000000 0,000000 0,000000
26 1673819823 9274,200000 -1,000000 -101,000000 0,000000 0,000000
26 1673819824 9274,200000 -1,000000 -101,000000 0,000000 0,000000
26 1673819825 9274,200000 -1,000000 -101,000000 0,000000 0,000000
26 1673819826 9274,200000 -1,000000 -101,000000 0,000000 0,000000
26 1673819827 5434,400000 -1,000000 -101,000000 0,000000 0,000000
26 1673819828 5434,400000 -1,000000 -101,000000 0,000000 0,000000
26 1673819829 5434,400000 -1,000000 -101,000000 0,000000 0,000000
26 1673819830 5434,400000 -1,000000 -101,000000 0,000000 0,000000
26 1673819831 5434,400000 -1,000000 -101,000000 0,000000 0,000000
26 1673819832 9501,600000 -1,000000 -101,000000 0,000000 0,000000
26 1673819833 9501,600000 -1,000000 -101,000000 0,000000 0,000000
26 1673819834 9501,600000 -1,000000 -101,000000 0,000000 0,000000
26 1673819835 9501,600000 -1,000000 -101,000000 0,000000 0,000000
26 1673819836 9501,600000 -1,000000 -101,000000 0,000000 0,000000
26 1673819837 10214,600000 -1,000000 -101,000000 0,000000 0,000000
26 1673819838 10214,600000 -1,000000 -101,000000 0,000000 0,000000
26 1673819839 10214,600000 -1,000000 -101,000000 0,000000 0,000000
26 1673819840 10214,600000 -1,000000 -101,000000 0,000000 0,000000
26 1673819841 10214,600000 -1,000000 -101,000000 0,000000 0,000000
26 1673819842 10401,000000 -1,000000 -101,000000 0,000000 0,000000
26 1673819843 10401,000000 -1,000000 -101,000000 0,000000 0,000000
26 1673819844 10401,000000 -1,000000 -101,000000 0,000000 0,000000
26 1673819845 10401,000000 -1,000000 -101,000000 0,000000 0,000000
26 1673819846 10401,000000 -1,000000 -101,000000 0,000000 0,000000
26 1673819847 11049,200000 -1,000000 -101,000000 0,000000 0,000000
26 1673819848 11049,200000 -1,000000 -101,000000 0,000000 0,000000
26 1673819849 11049,200000 -1,000000 -101,000000 0,000000 0,000000
26 1673819850 11049,200000 -1,000000 -101,000000 0,000000 0,000000
26 1673819851 11049,200000 -1,000000 -101,000000 0,000000 0,000000
26 1673819852 7001,800000 -1,000000 -101,000000 0,000000 0,000000
26 1673819853 7001,800000 -1,000000 -101,000000 0,000000 0,000000
26 1673819854 7001,800000 -1,000000 -101,000000 0,000000 0,000000
26 1673819855 7001,800000 -1,000000 -101,000000 0,000000 0,000000
26 1673819856 7001,800000 -1,000000 -101,000000 0,000000 0,000000
26 1673819857 11109,600000 -1,000000 -101,000000 0,000000 0,000000
26 1673819858 11109,600000 -1,000000 -101,000000 0,000000 0,000000
26 1673819859 11109,600000 -1,000000 -101,000000 0,000000 0,000000
26 1673819860 11109,600000 -1,000000 -101,000000 0,000000 0,000000
26 1673819861 11109,600000 -1,000000 -101,000000 0,000000 0,000000
26 1673819862 3136,600000 -1,000000 -101,000000 0,000000 0,000000
26 1673819863 3136,600000 -1,000000 -101,000000 0,000000 0,000000
26 1673819864 3136,600000 -1,000000 -101,000000 0,000000 0,000000
26 1673819865 3136,600000 -1,000000 -101,000000 0,000000 0,000000
26 1673819866 3136,600000 -1,000000 -101,000000 0,000000 0,000000
26 1673819867 3542,800000 -1,000000 -101,000000 0,000000 0,000000
26 1673819868 3542,800000 -1,000000 -101,000000 0,000000 0,000000
26 1673819869 3542,800000 -1,000000 -101,000000 0,000000 0,000000
26 1673819870 3542,800000 -1,000000 -101,000000 0,000000 0,000000
26 1673819871 3542,800000 -1,000000 -101,000000 0,000000 0,000000
26 1673819872 2272,000000 -1,000000 -101,000000 0,000000 0,000000
26 1673819873 2272,000000 -1,000000 -101,000000 0,000000 0,000000
26 1673819874 2272,000000 -1,000000 -101,000000 0,000000 0,000000
26 1673819875 2272,000000 -1,000000 -101,000000 0,000000 0,000000
26 1673819876 2272,000000 -1,000000 -101,000000 0,000000 0,000000
26 1673819877 1460,000000 -1,000000 -101,000000 0,000000 0,000000
26 1673819878 1460,000000 -1,000000 -101,000000 0,000000 0,000000
26 1673819879 1460,000000 -1,000000 -101,000000 0,000000 0,000000
26 1673819880 1460,000000 -1,000000 -101,000000 0,000000 0,000000
26 1673819881 1460,000000 -1,000000 -101,000000 0,000000 0,000000
26 1673819882 7436,600000 -1,000000 -101,000000 0,000000 0,000000
26 1673819883 7436,600000 -1,000000 -101,000000 0,000000 0,000000
26 1673819884 7436,600000 -1,000000 -101,000000 0,000000 0,000000
26 1673819885 7436,600000 -1,000000 -101,000000 0,000000 0,000000
26 1673819886 7436,600000 -1,000000 -101,000000 0,000000 0,000000
26 1673819887 1808,400000 -1,000000 -101,000000 0,000000 0,000000
26 1673819888 1808,400000 -1,000000 -101,000000 0,000000 0,000000
26 1673819889 1808,400000 -1,000000 -101,000000 0,000000 0,000000
26 1673819890 1808,400000 -1,000000 -101,000000 0,000000 0,000000
26 1673819891 1808,400000 -1,000000 -101,000000 0,000000 0,000000
26 1673819892 11081,200000 -1,000000 -101,000000 0,000000 0,000000
26 1673819893 11081,200000 -1,000000 -101,000000 0,000000 0,000000
26 1673819894 11081,200000 -1,000000 -101,000000 0,000000 0,000000
26 1673819895 11081,200000 -1,000000 -101,000000 0,000000 0,000000
26 1673819896 11081,200000 -1,000000 -101,000000 0,000000 0,000000
26 1673819897 5631,400000 -1,000000 -101,000000 0,000000 0,000000
26 1673819898 5631,400000 -1,000000 -101,000000 0,000000 0,000000
26 1673819899 5631,400000 -1,000000 -101,000000 0,000000 0,000000
26 1673819900 5631,400000 -1,000000 -101,000000 0,000000 0,000000
26 1673819901 5631,400000 -1,000000 -101,000000 0,000000 0,000000
26 1673819902 10629,000000 -1,000000 -101,000000 0,000000 0,000000
26 1673819903 10629,000000 -1,000000 -101,000000 0,000000 0,000000
26 1673819904 10629,000000 -1,000000 -101,000000 0,000000 0,000000
26 1673819905 10629,000000 -1,000000 -101,000000 0,000000 0,000000
26 1673819906 10629,000000 -1,000000 -101,000000 0,000000 0,000000
26 1673819907 5173,400000 -1,000000 -101,000000 0,000000 0,000000
26 1673819908 5173,400000 -1,000000 -101,000000 0,000000 0,000000
26 1673819909 5173,400000 -1,000000 -101,000000 0,000000 0,000000
26 1673819910 5173,400000 -1,000000 -101,000000 0,000000 0,000000
26 1673819911 5173,400000 -1,000000 -101,000000 0,000000 0,000000
26 1673819912 8107,800000 -1,000000 -101,000000 0,000000 0,000000
26 1673819913 8107,800000 -1,000000 -101,000000 0,000000 0,000000
26 1673819914 8107,800000 -1,000000 -101,000000 0,000000 0,000000
26 1673819915 8107,800000 -1,000000 -101,000000 0,000000 0,000000
26 1673819916 8107,800000 -1,000000 -101,000000 0,000000 0,000000
26 1673819917 5810,800000 -1,000000 -101,000000 0,000000 0,000000
26 1673819918 5810,800000 -1,000000 -101,000000 0,000000 0,000000
26 1673819919 5810,800000 -1,000000 -101,000000 0,000000 0,000000
26 1673819920 5810,800000 -1,000000 -101,000000 0,000000 0,000000
26 1673819921 5810,800000 -1,000000 -101,000000 0,000000 0,000000
26 1673819922 6402,200000 -1,000000 -101,000000 0,000000 0,000000
26 1673819923 6402,200000 -1,000000 -101,000000 0,000000 0,000000
26 1673819924 6402,200000 -1,000000 -101,000000 0,000000 0,000000
26 1673819925 6402,200000 -1,000000 -101,000000 0,000000 0,000000
26 1673819926 6402,200000 -1,000000 -101,000000 0,000000 0,000000
26 1673819927 11904,000000 -1,000000 -101,000000 0,000000 0,000000
26 1673819928 11904,000000 -1,000000 -101,000000 0,000000 0,000000
