28 1673818492 1,600000 -1,000000 -101,000000 0,000000 0,000000
28 1673818493 1,600000 -1,000000 -101,000000 0,000000 0,000000
28 1673818494 1,600000 -1,000000 -101,000000 0,000000 0,000000
28 1673818495 1,600000 -1,000000 -101,000000 0,000000 0,000000
28 1673818496 1,600000 -1,000000 -101,000000 0,000000 0,000000
28 1673818497 1,400000 -1,000000 -101,000000 0,000000 0,000000
28 1673818498 1,400000 -1,000000 -101,000000 0,000000 0,000000
28 1673818499 1,400000 -1,000000 -101,000000 0,000000 0,000000
28 1673818500 1,400000 -1,000000 -101,000000 0,000000 0,000000
28 1673818501 1,400000 -1,000000 -101,000000 0,000000 0,000000
28 1673818502 1,200000 -1,000000 -101,000000 0,000000 0,000000
28 1673818503 1,200000 -1,000000 -101,000000 0,000000 0,000000
28 1673818504 1,200000 -1,000000 -101,000000 0,000000 0,000000
28 1673818505 1,200000 -1,000000 -101,000000 0,000000 0,000000
28 1673818506 1,200000 -1,000000 -101,000000 0,000000 0,000000
28 1673818507 1,600000 -1,000000 -101,000000 0,000000 0,000000
28 1673818508 1,600000 -1,000000 -101,000000 0,000000 0,000000
28 1673818509 1,600000 -1,000000 -101,000000 0,000000 0,000000
28 1673818510 1,600000 -1,000000 -101,000000 0,000000 0,000000
28 1673818511 1,600000 -1,000000 -101,000000 0,000000 0,000000
28 1673818512 2,000000 -1,000000 -101,000000 0,000000 0,000000
28 1673818513 2,000000 -1,000000 -101,000000 0,000000 0,000000
28 1673818514 2,000000 -1,000000 -101,000000 0,000000 0,000000
28 1673818515 2,000000 -1,000000 -101,000000 0,000000 0,000000
28 1673818516 2,000000 -1,000000 -101,000000 0,000000 0,000000
28 1673818517 0,200000 -1,000000 -101,000000 0,000000 0,000000
28 1673818518 0,200000 -1,000000 -101,000000 0,000000 0,000000
28 1673818519 0,200000 -1,000000 -101,000000 0,000000 0,000000
28 1673818520 0,200000 -1,000000 -101,000000 0,000000 0,000000
28 1673818521 0,200000 -1,000000 -101,000000 0,000000 0,000000
28 1673818522 2,000000 -1,000000 -101,000000 0,000000 0,000000
28 1673818523 2,000000 -1,000000 -101,000000 0,000000 0,000000
28 1673818524 2,000000 -1,000000 -101,000000 0,000000 0,000000
28 1673818525 2,000000 -1,000000 -101,000000 0,000000 0,000000
28 1673818526 2,000000 -1,000000 -101,000000 0,000000 0,000000
28 1673818527 1,200000 -1,000000 -101,000000 0,000000 0,000000
28 1673818528 1,200000 -1,000000 -101,000000 0,000000 0,000000
28 1673818529 1,200000 -1,000000 -101,000000 0,000000 0,000000
28 1673818530 1,200000 -1,000000 -101,000000 0,000000 0,000000
28 1673818531 1,200000 -1,000000 -101,000000 0,000000 0,000000
28 1673818532 0,200000 -1,000000 -101,000000 0,000000 0,000000
28 1673818533 0,200000 -1,000000 -101,000000 0,000000 0,000000
28 1673818534 0,200000 -1,000000 -101,000000 0,000000 0,000000
28 1673818535 0,200000 -1,000000 -101,000000 0,000000 0,000000
28 1673818536 0,200000 -1,000000 -101,000000 0,000000 0,000000
28 1673818537 3,400000 -1,000000 -101,000000 0,000000 0,000000
28 1673818538 3,400000 -1,000000 -101,000000 0,000000 0,000000
28 1673818539 3,400000 -1,000000 -101,000000 0,000000 0,000000
28 1673818540 3,400000 -1,000000 -101,000000 0,000000 0,000000
28 1673818541 3,400000 -1,000000 -101,000000 0,000000 0,000000
28 1673818542 1,400000 -1,000000 -101,000000 0,000000 0,000000
28 1673818543 1,400000 -1,000000 -101,000000 0,000000 0,000000
28 1673818544 1,400000 -1,000000 -101,000000 0,000000 0,000000
28 1673818545 1,400000 -1,000000 -101,000000 0,000000 0,000000
28 1673818546 1,400000 -1,000000 -101,000000 0,000000 0,000000
28 1673818547 1,200000 -1,000000 -101,000000 0,000000 0,000000
28 1673818548 1,200000 -1,000000 -101,000000 0,000000 0,000000
28 1673818549 1,200000 -1,000000 -101,000000 0,000000 0,000000
28 1673818550 1,200000 -1,000000 -101,000000 0,000000 0,000000
28 1673818551 1,200000 -1,000000 -101,000000 0,000000 0,000000
28 1673818552 1,600000 -1,000000 -101,000000 0,000000 0,000000
28 1673818553 1,600000 -1,000000 -101,000000 0,000000 0,000000
28 1673818554 1,600000 -1,000000 -101,000000 0,000000 0,000000
28 1673818555 1,600000 -1,000000 -101,000000 0,000000 0,000000
28 1673818556 1,600000 -1,000000 -101,000000 0,000000 0,000000
28 1673818557 4,600000 -1,000000 -101,000000 0,000000 0,000000
28 1673818558 4,600000 -1,000000 -101,000000 0,000000 0,000000
28 1673818559 4,600000 -1,000000 -101,000000 0,000000 0,000000
28 1673818560 4,600000 -1,000000 -101,000000 0,000000 0,000000
28 1673818561 4,600000 -1,000000 -101,000000 0,000000 0,000000
28 1673818562 2,000000 -1,000000 -101,000000 0,000000 0,000000
28 1673818563 2,000000 -1,000000 -101,000000 0,000000 0,000000
28 1673818564 2,000000 -1,000000 -101,000000 0,000000 0,000000
28 1673818565 2,000000 -1,000000 -101,000000 0,000000 0,000000
28 1673818566 2,000000 -1,000000 -101,000000 0,000000 0,000000
28 1673818567 2,800000 -1,000000 -101,000000 0,000000 0,000000
28 1673818568 2,800000 -1,000000 -101,000000 0,000000 0,000000
28 1673818569 2,800000 -1,000000 -101,000000 0,000000 0,000000
28 1673818570 2,800000 -1,000000 -101,000000 0,000000 0,000000
28 1673818571 2,800000 -1,000000 -101,000000 0,000000 0,000000
28 1673818572 1,400000 -1,000000 -101,000000 0,000000 0,000000
28 1673818573 1,400000 -1,000000 -101,000000 0,000000 0,000000
28 1673818574 1,400000 -1,000000 -101,000000 0,000000 0,000000
28 1673818575 1,400000 -1,000000 -101,000000 0,000000 0,000000
28 1673818576 1,400000 -1,000000 -101,000000 0,000000 0,000000
28 1673818577 1,400000 -1,000000 -101,000000 0,000000 0,000000
28 1673818578 1,400000 -1,000000 -101,000000 0,000000 0,000000
28 1673818579 1,400000 -1,000000 -101,000000 0,000000 0,000000
28 1673818580 1,400000 -1,000000 -101,000000 0,000000 0,000000
28 1673818581 1,400000 -1,000000 -101,000000 0,000000 0,000000
28 1673818582 1,800000 -1,000000 -101,000000 0,000000 0,000000
28 1673818583 1,800000 -1,000000 -101,000000 0,000000 0,000000
28 1673818584 1,800000 -1,000000 -101,000000 0,000000 0,000000
28 1673818585 1,800000 -1,000000 -101,000000 0,000000 0,000000
28 1673818586 1,800000 -1,000000 -101,000000 0,000000 0,000000
28 1673818587 2,800000 -1,000000 -101,000000 0,000000 0,000000
28 1673818588 2,800000 -1,000000 -101,000000 0,000000 0,000000
28 1673818589 2,800000 -1,000000 -101,000000 0,000000 0,000000
28 1673818590 2,800000 -1,000000 -101,000000 0,000000 0,000000
28 1673818591 2,800000 -1,000000 -101,000000 0,000000 0,000000
28 1673818592 3,800000 -1,000000 -101,000000 0,000000 0,000000
28 1673818593 3,800000 -1,000000 -101,000000 0,000000 0,000000
28 1673818594 3,800000 -1,000000 -101,000000 0,000000 0,000000
28 1673818595 3,800000 -1,000000 -101,000000 0,000000 0,000000
28 1673818596 3,800000 -1,000000 -101,000000 0,000000 0,000000
28 1673818597 5,400000 -1,000000 -101,000000 0,000000 0,000000
28 1673818598 5,400000 -1,000000 -101,000000 0,000000 0,000000
28 1673818599 5,400000 -1,000000 -101,000000 0,000000 0,000000
28 1673818600 5,400000 -1,000000 -101,000000 0,000000 0,000000
28 1673818601 5,400000 -1,000000 -101,000000 0,000000 0,000000
28 1673818602 4,200000 -1,000000 -101,000000 0,000000 0,000000
28 1673818603 4,200000 -1,000000 -101,000000 0,000000 0,000000
28 1673818604 4,200000 -1,000000 -101,000000 0,000000 0,000000
28 1673818605 4,200000 -1,000000 -101,000000 0,000000 0,000000
28 1673818606 4,200000 -1,000000 -101,000000 0,000000 0,000000
28 1673818607 3,200000 -1,000000 -101,000000 0,000000 0,000000
28 1673818608 3,200000 -1,000000 -101,000000 0,000000 0,000000
28 1673818609 3,200000 -1,000000 -101,000000 0,000000 0,000000
28 1673818610 3,200000 -1,000000 -101,000000 0,000000 0,000000
28 1673818611 3,200000 -1,000000 -101,000000 0,000000 0,000000
28 1673818612 4,000000 -1,000000 -101,000000 0,000000 0,000000
28 1673818613 4,000000 -1,000000 -101,000000 0,000000 0,000000
28 1673818614 4,000000 -1,000000 -101,000000 0,000000 0,000000
28 1673818615 4,000000 -1,000000 -101,000000 0,000000 0,000000
28 1673818616 4,000000 -1,000000 -101,000000 0,000000 0,000000
28 1673818617 4,600000 -1,000000 -101,000000 0,000000 0,000000
28 1673818618 4,600000 -1,000000 -101,000000 0,000000 0,000000
28 1673818619 4,600000 -1,000000 -101,000000 0,000000 0,000000
28 1673818620 4,600000 -1,000000 -101,000000 0,000000 0,000000
28 1673818621 4,600000 -1,000000 -101,000000 0,000000 0,000000
28 1673818622 5,800000 -1,000000 -101,000000 0,000000 0,000000
28 1673818623 5,800000 -1,000000 -101,000000 0,000000 0,000000
28 1673818624 5,800000 -1,000000 -101,000000 0,000000 0,000000
28 1673818625 5,800000 -1,000000 -101,000000 0,000000 0,000000
28 1673818626 5,800000 -1,000000 -101,000000 0,000000 0,000000
28 1673818627 8,400000 -1,000000 -101,000000 0,000000 0,000000
28 1673818628 8,400000 -1,000000 -101,000000 0,000000 0,000000
28 1673818629 8,400000 -1,000000 -101,000000 0,000000 0,000000
28 1673818630 8,400000 -1,000000 -101,000000 0,000000 0,000000
28 1673818631 8,400000 -1,000000 -101,000000 0,000000 0,000000
28 1673818632 4,000000 -1,000000 -101,000000 0,000000 0,000000
28 1673818633 4,000000 -1,000000 -101,000000 0,000000 0,000000
28 1673818634 4,000000 -1,000000 -101,000000 0,000000 0,000000
28 1673818635 4,000000 -1,000000 -101,000000 0,000000 0,000000
28 1673818636 4,000000 -1,000000 -101,000000 0,000000 0,000000
28 1673818637 1,800000 -1,000000 -101,000000 0,000000 0,000000
28 1673818638 1,800000 -1,000000 -101,000000 0,000000 0,000000
28 1673818639 1,800000 -1,000000 -101,000000 0,000000 0,000000
28 1673818640 1,800000 -1,000000 -101,000000 0,000000 0,000000
28 1673818641 1,800000 -1,000000 -101,000000 0,000000 0,000000
28 1673818642 1,000000 -1,000000 -101,000000 0,000000 0,000000
28 1673818643 1,000000 -1,000000 -101,000000 0,000000 0,000000
28 1673818644 1,000000 -1,000000 -101,000000 0,000000 0,000000
28 1673818645 1,000000 -1,000000 -101,000000 0,000000 0,000000
28 1673818646 1,000000 -1,000000 -101,000000 0,000000 0,000000
28 1673818647 2,200000 -1,000000 -101,000000 0,000000 0,000000
28 1673818648 2,200000 -1,000000 -101,000000 0,000000 0,000000
28 1673818649 2,200000 -1,000000 -101,000000 0,000000 0,000000
28 1673818650 2,200000 -1,000000 -101,000000 0,000000 0,000000
28 1673818651 2,200000 -1,000000 -101,000000 0,000000 0,000000
28 1673818652 1,400000 -1,000000 -101,000000 0,000000 0,000000
28 1673818653 1,400000 -1,000000 -101,000000 0,000000 0,000000
28 1673818654 1,400000 -1,000000 -101,000000 0,000000 0,000000
28 1673818655 1,400000 -1,000000 -101,000000 0,000000 0,000000
28 1673818656 1,400000 -1,000000 -101,000000 0,000000 0,000000
28 1673818657 2,800000 -1,000000 -101,000000 0,000000 0,000000
28 1673818658 2,800000 -1,000000 -101,000000 0,000000 0,000000
28 1673818659 2,800000 -1,000000 -101,000000 0,000000 0,000000
28 1673818660 2,800000 -1,000000 -101,000000 0,000000 0,000000
28 1673818661 2,800000 -1,000000 -101,000000 0,000000 0,000000
28 1673818662 2,800000 -1,000000 -101,000000 0,000000 0,000000
28 1673818663 2,800000 -1,000000 -101,000000 0,000000 0,000000
28 1673818664 2,800000 -1,000000 -101,000000 0,000000 0,000000
28 1673818665 2,800000 -1,000000 -101,000000 0,000000 0,000000
28 1673818666 2,800000 -1,000000 -101,000000 0,000000 0,000000
28 1673818667 6,200000 -1,000000 -101,000000 0,000000 0,000000
28 1673818668 6,200000 -1,000000 -101,000000 0,000000 0,000000
28 1673818669 6,200000 -1,000000 -101,000000 0,000000 0,000000
28 1673818670 6,200000 -1,000000 -101,000000 0,000000 0,000000
28 1673818671 6,200000 -1,000000 -101,000000 0,000000 0,000000
28 1673818672 3,200000 -1,000000 -101,000000 0,000000 0,000000
28 1673818673 3,200000 -1,000000 -101,000000 0,000000 0,000000
28 1673818674 3,200000 -1,000000 -101,000000 0,000000 0,000000
28 1673818675 3,200000 -1,000000 -101,000000 0,000000 0,000000
28 1673818676 3,200000 -1,000000 -101,000000 0,000000 0,000000
28 1673818677 3,400000 -1,000000 -101,000000 0,000000 0,000000
28 1673818678 3,400000 -1,000000 -101,000000 0,000000 0,000000
28 1673818679 3,400000 -1,000000 -101,000000 0,000000 0,000000
28 1673818680 3,400000 -1,000000 -101,000000 0,000000 0,000000
28 1673818681 3,400000 -1,000000 -101,000000 0,000000 0,000000
28 1673818682 3,200000 -1,000000 -101,000000 0,000000 0,000000
28 1673818683 3,200000 -1,000000 -101,000000 0,000000 0,000000
28 1673818684 3,200000 -1,000000 -101,000000 0,000000 0,000000
28 1673818685 3,200000 -1,000000 -101,000000 0,000000 0,000000
28 1673818686 3,200000 -1,000000 -101,000000 0,000000 0,000000
28 1673818687 4,600000 -1,000000 -101,000000 0,000000 0,000000
28 1673818688 4,600000 -1,000000 -101,000000 0,000000 0,000000
28 1673818689 4,600000 -1,000000 -101,000000 0,000000 0,000000
28 1673818690 4,600000 -1,000000 -101,000000 0,000000 0,000000
28 1673818691 4,600000 -1,000000 -101,000000 0,000000 0,000000
28 1673818692 3,000000 -1,000000 -101,000000 0,000000 0,000000
28 1673818693 3,000000 -1,000000 -101,000000 0,000000 0,000000
28 1673818694 3,000000 -1,000000 -101,000000 0,000000 0,000000
28 1673818695 3,000000 -1,000000 -101,000000 0,000000 0,000000
28 1673818696 3,000000 -1,000000 -101,000000 0,000000 0,000000
28 1673818697 5,600000 -1,000000 -101,000000 0,000000 0,000000
28 1673818698 5,600000 -1,000000 -101,000000 0,000000 0,000000
28 1673818699 5,600000 -1,000000 -101,000000 0,000000 0,000000
28 1673818700 5,600000 -1,000000 -101,000000 0,000000 0,000000
28 1673818701 5,600000 -1,000000 -101,000000 0,000000 0,000000
28 1673818702 5,200000 -1,000000 -101,000000 0,000000 0,000000
28 1673818703 5,200000 -1,000000 -101,000000 0,000000 0,000000
28 1673818704 5,200000 -1,000000 -101,000000 0,000000 0,000000
28 1673818705 5,200000 -1,000000 -101,000000 0,000000 0,000000
28 1673818706 5,200000 -1,000000 -101,000000 0,000000 0,000000
28 1673818707 3,400000 -1,000000 -101,000000 0,000000 0,000000
28 1673818708 3,400000 -1,000000 -101,000000 0,000000 0,000000
28 1673818709 3,400000 -1,000000 -101,000000 0,000000 0,000000
28 1673818710 3,400000 -1,000000 -101,000000 0,000000 0,000000
28 1673818711 3,400000 -1,000000 -101,000000 0,000000 0,000000
28 1673818712 4,600000 -1,000000 -101,000000 0,000000 0,000000
28 1673818713 4,600000 -1,000000 -101,000000 0,000000 0,000000
28 1673818714 4,600000 -1,000000 -101,000000 0,000000 0,000000
28 1673818715 4,600000 -1,000000 -101,000000 0,000000 0,000000
28 1673818716 4,600000 -1,000000 -101,000000 0,000000 0,000000
28 1673818717 3,200000 -1,000000 -101,000000 0,000000 0,000000
28 1673818718 3,200000 -1,000000 -101,000000 0,000000 0,000000
28 1673818719 3,200000 -1,000000 -101,000000 0,000000 0,000000
28 1673818720 3,200000 -1,000000 -101,000000 0,000000 0,000000
28 1673818721 3,200000 -1,000000 -101,000000 0,000000 0,000000
28 1673818722 2,800000 -1,000000 -101,000000 0,000000 0,000000
28 1673818723 2,800000 -1,000000 -101,000000 0,000000 0,000000
28 1673818724 2,800000 -1,000000 -101,000000 0,000000 0,000000
28 1673818725 2,800000 -1,000000 -101,000000 0,000000 0,000000
28 1673818726 2,800000 -1,000000 -101,000000 0,000000 0,000000
28 1673818727 1,600000 -1,000000 -101,000000 0,000000 0,000000
28 1673818728 1,600000 -1,000000 -101,000000 0,000000 0,000000
28 1673818729 1,600000 -1,000000 -101,000000 0,000000 0,000000
28 1673818730 1,600000 -1,000000 -101,000000 0,000000 0,000000
28 1673818731 1,600000 -1,000000 -101,000000 0,000000 0,000000
28 1673818732 5,200000 -1,000000 -101,000000 0,000000 0,000000
28 1673818733 5,200000 -1,000000 -101,000000 0,000000 0,000000
28 1673818734 5,200000 -1,000000 -101,000000 0,000000 0,000000
28 1673818735 5,200000 -1,000000 -101,000000 0,000000 0,000000
28 1673818736 5,200000 -1,000000 -101,000000 0,000000 0,000000
28 1673818737 4,200000 -1,000000 -101,000000 0,000000 0,000000
28 1673818738 4,200000 -1,000000 -101,000000 0,000000 0,000000
28 1673818739 4,200000 -1,000000 -101,000000 0,000000 0,000000
28 1673818740 4,200000 -1,000000 -101,000000 0,000000 0,000000
28 1673818741 4,200000 -1,000000 -101,000000 0,000000 0,000000
28 1673818742 3,600000 -1,000000 -101,000000 0,000000 0,000000
28 1673818743 3,600000 -1,000000 -101,000000 0,000000 0,000000
28 1673818744 3,600000 -1,000000 -101,000000 0,000000 0,000000
28 1673818745 3,600000 -1,000000 -101,000000 0,000000 0,000000
28 1673818746 3,600000 -1,000000 -101,000000 0,000000 0,000000
28 1673818747 5,800000 -1,000000 -101,000000 0,000000 0,000000
28 1673818748 5,800000 -1,000000 -101,000000 0,000000 0,000000
28 1673818749 5,800000 -1,000000 -101,000000 0,000000 0,000000
28 1673818750 5,800000 -1,000000 -101,000000 0,000000 0,000000
28 1673818751 5,800000 -1,000000 -101,000000 0,000000 0,000000
28 1673818752 3,000000 -1,000000 -101,000000 0,000000 0,000000
28 1673818753 3,000000 -1,000000 -101,000000 0,000000 0,000000
28 1673818754 3,000000 -1,000000 -101,000000 0,000000 0,000000
28 1673818755 3,000000 -1,000000 -101,000000 0,000000 0,000000
28 1673818756 3,000000 -1,000000 -101,000000 0,000000 0,000000
28 1673818757 4,400000 -1,000000 -101,000000 0,000000 0,000000
28 1673818758 4,400000 -1,000000 -101,000000 0,000000 0,000000
28 1673818759 4,400000 -1,000000 -101,000000 0,000000 0,000000
28 1673818760 4,400000 -1,000000 -101,000000 0,000000 0,000000
28 1673818761 4,400000 -1,000000 -101,000000 0,000000 0,000000
28 1673818762 0,800000 -1,000000 -101,000000 0,000000 0,000000
28 1673818763 0,800000 -1,000000 -101,000000 0,000000 0,000000
28 1673818764 0,800000 -1,000000 -101,000000 0,000000 0,000000
28 1673818765 0,800000 -1,000000 -101,000000 0,000000 0,000000
28 1673818766 0,800000 -1,000000 -101,000000 0,000000 0,000000
28 1673818767 2,200000 -1,000000 -101,000000 0,000000 0,000000
28 1673818768 2,200000 -1,000000 -101,000000 0,000000 0,000000
28 1673818769 2,200000 -1,000000 -101,000000 0,000000 0,000000
28 1673818770 2,200000 -1,000000 -101,000000 0,000000 0,000000
28 1673818771 2,200000 -1,000000 -101,000000 0,000000 0,000000
28 1673818772 5,200000 -1,000000 -101,000000 0,000000 0,000000
28 1673818773 5,200000 -1,000000 -101,000000 0,000000 0,000000
28 1673818774 5,200000 -1,000000 -101,000000 0,000000 0,000000
28 1673818775 5,200000 -1,000000 -101,000000 0,000000 0,000000
28 1673818776 5,200000 -1,000000 -101,000000 0,000000 0,000000
28 1673818777 1,800000 -1,000000 -101,000000 0,000000 0,000000
28 1673818778 1,800000 -1,000000 -101,000000 0,000000 0,000000
28 1673818779 1,800000 -1,000000 -101,000000 0,000000 0,000000
28 1673818780 1,800000 -1,000000 -101,000000 0,000000 0,000000
28 1673818781 1,800000 -1,000000 -101,000000 0,000000 0,000000
28 1673818782 1,800000 -1,000000 -101,000000 0,000000 0,000000
28 1673818783 1,800000 -1,000000 -101,000000 0,000000 0,000000
28 1673818784 1,800000 -1,000000 -101,000000 0,000000 0,000000
28 1673818785 1,800000 -1,000000 -101,000000 0,000000 0,000000
28 1673818786 1,800000 -1,000000 -101,000000 0,000000 0,000000
28 1673818787 1,600000 -1,000000 -101,000000 0,000000 0,000000
28 1673818788 1,600000 -1,000000 -101,000000 0,000000 0,000000
28 1673818789 1,600000 -1,000000 -101,000000 0,000000 0,000000
28 1673818790 1,600000 -1,000000 -101,000000 0,000000 0,000000
28 1673818791 1,600000 -1,000000 -101,000000 0,000000 0,000000
28 1673818792 5,200000 -1,000000 -101,000000 0,000000 0,000000
28 1673818793 5,200000 -1,000000 -101,000000 0,000000 0,000000
28 1673818794 5,200000 -1,000000 -101,000000 0,000000 0,000000
28 1673818795 5,200000 -1,000000 -101,000000 0,000000 0,000000
28 1673818796 5,200000 -1,000000 -101,000000 0,000000 0,000000
28 1673818797 5,000000 -1,000000 -101,000000 0,000000 0,000000
28 1673818798 5,000000 -1,000000 -101,000000 0,000000 0,000000
28 1673818799 5,000000 -1,000000 -101,000000 0,000000 0,000000
28 1673818800 5,000000 -1,000000 -101,000000 0,000000 0,000000
28 1673818801 5,000000 -1,000000 -101,000000 0,000000 0,000000
28 1673818802 7,800000 -1,000000 -101,000000 0,000000 0,000000
28 1673818803 7,800000 -1,000000 -101,000000 0,000000 0,000000
28 1673818804 7,800000 -1,000000 -101,000000 0,000000 0,000000
28 1673818805 7,800000 -1,000000 -101,000000 0,000000 0,000000
28 1673818806 7,800000 -1,000000 -101,000000 0,000000 0,000000
28 1673818807 6,200000 -1,000000 -101,000000 0,000000 0,000000
28 1673818808 6,200000 -1,000000 -101,000000 0,000000 0,000000
28 1673818809 6,200000 -1,000000 -101,000000 0,000000 0,000000
28 1673818810 6,200000 -1,000000 -101,000000 0,000000 0,000000
28 1673818811 6,200000 -1,000000 -101,000000 0,000000 0,000000
28 1673818812 4,400000 -1,000000 -101,000000 0,000000 0,000000
28 1673818813 4,400000 -1,000000 -101,000000 0,000000 0,000000
28 1673818814 4,400000 -1,000000 -101,000000 0,000000 0,000000
28 1673818815 4,400000 -1,000000 -101,000000 0,000000 0,000000
28 1673818816 4,400000 -1,000000 -101,000000 0,000000 0,000000
28 1673818817 6,200000 -1,000000 -101,000000 0,000000 0,000000
28 1673818818 6,200000 -1,000000 -101,000000 0,000000 0,000000
28 1673818819 6,200000 -1,000000 -101,000000 0,000000 0,000000
28 1673818820 6,200000 -1,000000 -101,000000 0,000000 0,000000
28 1673818821 6,200000 -1,000000 -101,000000 0,000000 0,000000
28 1673818822 4,400000 -1,000000 -101,000000 0,000000 0,000000
28 1673818823 4,400000 -1,000000 -101,000000 0,000000 0,000000
28 1673818824 4,400000 -1,000000 -101,000000 0,000000 0,000000
28 1673818825 4,400000 -1,000000 -101,000000 0,000000 0,000000
28 1673818826 4,400000 -1,000000 -101,000000 0,000000 0,000000
28 1673818827 1,600000 -1,000000 -101,000000 0,000000 0,000000
28 1673818828 1,600000 -1,000000 -101,000000 0,000000 0,000000
28 1673818829 1,600000 -1,000000 -101,000000 0,000000 0,000000
28 1673818830 1,600000 -1,000000 -101,000000 0,000000 0,000000
28 1673818831 1,600000 -1,000000 -101,000000 0,000000 0,000000
28 1673818832 1,800000 -1,000000 -101,000000 0,000000 0,000000
28 1673818833 1,800000 -1,000000 -101,000000 0,000000 0,000000
28 1673818834 1,800000 -1,000000 -101,000000 0,000000 0,000000
28 1673818835 1,800000 -1,000000 -101,000000 0,000000 0,000000
28 1673818836 1,800000 -1,000000 -101,000000 0,000000 0,000000
28 1673818837 0,800000 -1,000000 -101,000000 0,000000 0,000000
28 1673818838 0,800000 -1,000000 -101,000000 0,000000 0,000000
28 1673818839 0,800000 -1,000000 -101,000000 0,000000 0,000000
28 1673818840 0,800000 -1,000000 -101,000000 0,000000 0,000000
28 1673818841 0,800000 -1,000000 -101,000000 0,000000 0,000000
28 1673818842 2,200000 -1,000000 -101,000000 0,000000 0,000000
28 1673818843 2,200000 -1,000000 -101,000000 0,000000 0,000000
28 1673818844 2,200000 -1,000000 -101,000000 0,000000 0,000000
28 1673818845 2,200000 -1,000000 -101,000000 0,000000 0,000000
28 1673818846 2,200000 -1,000000 -101,000000 0,000000 0,000000
28 1673818847 3,600000 -1,000000 -101,000000 0,000000 0,000000
28 1673818848 3,600000 -1,000000 -101,000000 0,000000 0,000000
28 1673818849 3,600000 -1,000000 -101,000000 0,000000 0,000000
28 1673818850 3,600000 -1,000000 -101,000000 0,000000 0,000000
28 1673818851 3,600000 -1,000000 -101,000000 0,000000 0,000000
28 1673818852 0,400000 -1,000000 -101,000000 0,000000 0,000000
28 1673818853 0,400000 -1,000000 -101,000000 0,000000 0,000000
28 1673818854 0,400000 -1,000000 -101,000000 0,000000 0,000000
28 1673818855 0,400000 -1,000000 -101,000000 0,000000 0,000000
28 1673818856 0,400000 -1,000000 -101,000000 0,000000 0,000000
28 1673818857 0,200000 -1,000000 -101,000000 0,000000 0,000000
28 1673818858 0,200000 -1,000000 -101,000000 0,000000 0,000000
28 1673818859 0,200000 -1,000000 -101,000000 0,000000 0,000000
28 1673818860 0,200000 -1,000000 -101,000000 0,000000 0,000000
28 1673818861 0,200000 -1,000000 -101,000000 0,000000 0,000000
28 1673818862 1,200000 -1,000000 -101,000000 0,000000 0,000000
28 1673818863 1,200000 -1,000000 -101,000000 0,000000 0,000000
28 1673818864 1,200000 -1,000000 -101,000000 0,000000 0,000000
28 1673818865 1,200000 -1,000000 -101,000000 0,000000 0,000000
28 1673818866 1,200000 -1,000000 -101,000000 0,000000 0,000000
28 1673818867 2,200000 -1,000000 -101,000000 0,000000 0,000000
28 1673818868 2,200000 -1,000000 -101,000000 0,000000 0,000000
28 1673818869 2,200000 -1,000000 -101,000000 0,000000 0,000000
28 1673818870 2,200000 -1,000000 -101,000000 0,000000 0,000000
28 1673818871 2,200000 -1,000000 -101,000000 0,000000 0,000000
28 1673818872 3,000000 -1,000000 -101,000000 0,000000 0,000000
28 1673818873 3,000000 -1,000000 -101,000000 0,000000 0,000000
28 1673818874 3,000000 -1,000000 -101,000000 0,000000 0,000000
28 1673818875 3,000000 -1,000000 -101,000000 0,000000 0,000000
28 1673818876 3,000000 -1,000000 -101,000000 0,000000 0,000000
28 1673818877 9,000000 -1,000000 -101,000000 0,000000 0,000000
28 1673818878 9,000000 -1,000000 -101,000000 0,000000 0,000000
28 1673818879 9,000000 -1,000000 -101,000000 0,000000 0,000000
28 1673818880 9,000000 -1,000000 -101,000000 0,000000 0,000000
28 1673818881 9,000000 -1,000000 -101,000000 0,000000 0,000000
28 1673818882 10,600000 -1,000000 -101,000000 0,000000 0,000000
28 1673818883 10,600000 -1,000000 -101,000000 0,000000 0,000000
28 1673818884 10,600000 -1,000000 -101,000000 0,000000 0,000000
28 1673818885 10,600000 -1,000000 -101,000000 0,000000 0,000000
28 1673818886 10,600000 -1,000000 -101,000000 0,000000 0,000000
28 1673818887 7,600000 -1,000000 -101,000000 0,000000 0,000000
28 1673818888 7,600000 -1,000000 -101,000000 0,000000 0,000000
28 1673818889 7,600000 -1,000000 -101,000000 0,000000 0,000000
28 1673818890 7,600000 -1,000000 -101,000000 0,000000 0,000000
28 1673818891 7,600000 -1,000000 -101,000000 0,000000 0,000000
28 1673818892 6,800000 -1,000000 -101,000000 0,000000 0,000000
28 1673818893 6,800000 -1,000000 -101,000000 0,000000 0,000000
28 1673818894 6,800000 -1,000000 -101,000000 0,000000 0,000000
28 1673818895 6,800000 -1,000000 -101,000000 0,000000 0,000000
28 1673818896 6,800000 -1,000000 -101,000000 0,000000 0,000000
28 1673818897 1,600000 -1,000000 -101,000000 0,000000 0,000000
28 1673818898 1,600000 -1,000000 -101,000000 0,000000 0,000000
28 1673818899 1,600000 -1,000000 -101,000000 0,000000 0,000000
28 1673818900 1,600000 -1,000000 -101,000000 0,000000 0,000000
28 1673818901 1,600000 -1,000000 -101,000000 0,000000 0,000000
28 1673818902 2,200000 -1,000000 -101,000000 0,000000 0,000000
28 1673818903 2,200000 -1,000000 -101,000000 0,000000 0,000000
28 1673818904 2,200000 -1,000000 -101,000000 0,000000 0,000000
28 1673818905 2,200000 -1,000000 -101,000000 0,000000 0,000000
28 1673818906 2,200000 -1,000000 -101,000000 0,000000 0,000000
28 1673818907 3,000000 -1,000000 -101,000000 0,000000 0,000000
28 1673818908 3,000000 -1,000000 -101,000000 0,000000 0,000000
28 1673818909 3,000000 -1,000000 -101,000000 0,000000 0,000000
28 1673818910 3,000000 -1,000000 -101,000000 0,000000 0,000000
28 1673818911 3,000000 -1,000000 -101,000000 0,000000 0,000000
28 1673818912 3,400000 -1,000000 -101,000000 0,000000 0,000000
28 1673818913 3,400000 -1,000000 -101,000000 0,000000 0,000000
28 1673818914 3,400000 -1,000000 -101,000000 0,000000 0,000000
28 1673818915 3,400000 -1,000000 -101,000000 0,000000 0,000000
28 1673818916 3,400000 -1,000000 -101,000000 0,000000 0,000000
28 1673818917 3,000000 -1,000000 -101,000000 0,000000 0,000000
28 1673818918 3,000000 -1,000000 -101,000000 0,000000 0,000000
28 1673818919 3,000000 -1,000000 -101,000000 0,000000 0,000000
28 1673818920 3,000000 -1,000000 -101,000000 0,000000 0,000000
28 1673818921 3,000000 -1,000000 -101,000000 0,000000 0,000000
28 1673818922 1,600000 -1,000000 -101,000000 0,000000 0,000000
28 1673818923 1,600000 -1,000000 -101,000000 0,000000 0,000000
28 1673818924 1,600000 -1,000000 -101,000000 0,000000 0,000000
28 1673818925 1,600000 -1,000000 -101,000000 0,000000 0,000000
28 1673818926 1,600000 -1,000000 -101,000000 0,000000 0,000000
28 1673818927 1,400000 -1,000000 -101,000000 0,000000 0,000000
28 1673818928 1,400000 -1,000000 -101,000000 0,000000 0,000000
28 1673818929 1,400000 -1,000000 -101,000000 0,000000 0,000000
28 1673818930 1,400000 -1,000000 -101,000000 0,000000 0,000000
28 1673818931 1,400000 -1,000000 -101,000000 0,000000 0,000000
28 1673818932 2,800000 -1,000000 -101,000000 0,000000 0,000000
28 1673818933 2,800000 -1,000000 -101,000000 0,000000 0,000000
28 1673818934 2,800000 -1,000000 -101,000000 0,000000 0,000000
28 1673818935 2,800000 -1,000000 -101,000000 0,000000 0,000000
28 1673818936 2,800000 -1,000000 -101,000000 0,000000 0,000000
28 1673818937 3,000000 -1,000000 -101,000000 0,000000 0,000000
28 1673818938 3,000000 -1,000000 -101,000000 0,000000 0,000000
28 1673818939 3,000000 -1,000000 -101,000000 0,000000 0,000000
28 1673818940 3,000000 -1,000000 -101,000000 0,000000 0,000000
28 1673818941 3,000000 -1,000000 -101,000000 0,000000 0,000000
28 1673818942 1,400000 -1,000000 -101,000000 0,000000 0,000000
28 1673818943 1,400000 -1,000000 -101,000000 0,000000 0,000000
28 1673818944 1,400000 -1,000000 -101,000000 0,000000 0,000000
28 1673818945 1,400000 -1,000000 -101,000000 0,000000 0,000000
28 1673818946 1,400000 -1,000000 -101,000000 0,000000 0,000000
28 1673818947 3,200000 -1,000000 -101,000000 0,000000 0,000000
28 1673818948 3,200000 -1,000000 -101,000000 0,000000 0,000000
28 1673818949 3,200000 -1,000000 -101,000000 0,000000 0,000000
28 1673818950 3,200000 -1,000000 -101,000000 0,000000 0,000000
28 1673818951 3,200000 -1,000000 -101,000000 0,000000 0,000000
28 1673818952 6,200000 -1,000000 -101,000000 0,000000 0,000000
28 1673818953 6,200000 -1,000000 -101,000000 0,000000 0,000000
28 1673818954 6,200000 -1,000000 -101,000000 0,000000 0,000000
28 1673818955 6,200000 -1,000000 -101,000000 0,000000 0,000000
28 1673818956 6,200000 -1,000000 -101,000000 0,000000 0,000000
28 1673818957 1,200000 -1,000000 -101,000000 0,000000 0,000000
28 1673818958 1,200000 -1,000000 -101,000000 0,000000 0,000000
28 1673818959 1,200000 -1,000000 -101,000000 0,000000 0,000000
28 1673818960 1,200000 -1,000000 -101,000000 0,000000 0,000000
28 1673818961 1,200000 -1,000000 -101,000000 0,000000 0,000000
28 1673818962 3,600000 -1,000000 -101,000000 0,000000 0,000000
28 1673818963 3,600000 -1,000000 -101,000000 0,000000 0,000000
28 1673818964 3,600000 -1,000000 -101,000000 0,000000 0,000000
28 1673818965 3,600000 -1,000000 -101,000000 0,000000 0,000000
28 1673818966 3,600000 -1,000000 -101,000000 0,000000 0,000000
28 1673818967 8,000000 -1,000000 -101,000000 0,000000 0,000000
28 1673818968 8,000000 -1,000000 -101,000000 0,000000 0,000000
28 1673818969 8,000000 -1,000000 -101,000000 0,000000 0,000000
28 1673818970 8,000000 -1,000000 -101,000000 0,000000 0,000000
28 1673818971 8,000000 -1,000000 -101,000000 0,000000 0,000000
28 1673818972 3,800000 -1,000000 -101,000000 0,000000 0,000000
28 1673818973 3,800000 -1,000000 -101,000000 0,000000 0,000000
28 1673818974 3,800000 -1,000000 -101,000000 0,000000 0,000000
28 1673818975 3,800000 -1,000000 -101,000000 0,000000 0,000000
28 1673818976 3,800000 -1,000000 -101,000000 0,000000 0,000000
28 1673818977 4,600000 -1,000000 -101,000000 0,000000 0,000000
28 1673818978 4,600000 -1,000000 -101,000000 0,000000 0,000000
28 1673818979 4,600000 -1,000000 -101,000000 0,000000 0,000000
28 1673818980 4,600000 -1,000000 -101,000000 0,000000 0,000000
28 1673818981 4,600000 -1,000000 -101,000000 0,000000 0,000000
28 1673818982 8,400000 -1,000000 -101,000000 0,000000 0,000000
28 1673818983 8,400000 -1,000000 -101,000000 0,000000 0,000000
28 1673818984 8,400000 -1,000000 -101,000000 0,000000 0,000000
28 1673818985 8,400000 -1,000000 -101,000000 0,000000 0,000000
28 1673818986 8,400000 -1,000000 -101,000000 0,000000 0,000000
28 1673818987 6,600000 -1,000000 -101,000000 0,000000 0,000000
28 1673818988 6,600000 -1,000000 -101,000000 0,000000 0,000000
28 1673818989 6,600000 -1,000000 -101,000000 0,000000 0,000000
28 1673818990 6,600000 -1,000000 -101,000000 0,000000 0,000000
28 1673818991 6,600000 -1,000000 -101,000000 0,000000 0,000000
28 1673818992 0,800000 -1,000000 -101,000000 0,000000 0,000000
28 1673818993 0,800000 -1,000000 -101,000000 0,000000 0,000000
28 1673818994 0,800000 -1,000000 -101,000000 0,000000 0,000000
28 1673818995 0,800000 -1,000000 -101,000000 0,000000 0,000000
28 1673818996 0,800000 -1,000000 -101,000000 0,000000 0,000000
28 1673818997 1,800000 -1,000000 -101,000000 0,000000 0,000000
28 1673818998 1,800000 -1,000000 -101,000000 0,000000 0,000000
28 1673818999 1,800000 -1,000000 -101,000000 0,000000 0,000000
28 1673819000 1,800000 -1,000000 -101,000000 0,000000 0,000000
28 1673819001 1,800000 -1,000000 -101,000000 0,000000 0,000000
28 1673819002 3,400000 -1,000000 -101,000000 0,000000 0,000000
28 1673819003 3,400000 -1,000000 -101,000000 0,000000 0,000000
28 1673819004 3,400000 -1,000000 -101,000000 0,000000 0,000000
28 1673819005 3,400000 -1,000000 -101,000000 0,000000 0,000000
28 1673819006 3,400000 -1,000000 -101,000000 0,000000 0,000000
28 1673819007 2,800000 -1,000000 -101,000000 0,000000 0,000000
28 1673819008 2,800000 -1,000000 -101,000000 0,000000 0,000000
28 1673819009 2,800000 -1,000000 -101,000000 0,000000 0,000000
28 1673819010 2,800000 -1,000000 -101,000000 0,000000 0,000000
28 1673819011 2,800000 -1,000000 -101,000000 0,000000 0,000000
28 1673819012 2,400000 -1,000000 -101,000000 0,000000 0,000000
28 1673819013 2,400000 -1,000000 -101,000000 0,000000 0,000000
28 1673819014 2,400000 -1,000000 -101,000000 0,000000 0,000000
28 1673819015 2,400000 -1,000000 -101,000000 0,000000 0,000000
28 1673819016 2,400000 -1,000000 -101,000000 0,000000 0,000000
28 1673819017 0,800000 -1,000000 -101,000000 0,000000 0,000000
28 1673819018 0,800000 -1,000000 -101,000000 0,000000 0,000000
28 1673819019 0,800000 -1,000000 -101,000000 0,000000 0,000000
28 1673819081 7,000000 -1,000000 7,000000 7,000000 9,800000
28 1673819080 7,000000 -1,000000 7,000000 7,000000 9,800000
28 1673819079 7,000000 -1,000000 7,000000 7,000000 9,800000
28 1673819078 7,000000 -1,000000 7,000000 7,000000 9,800000
28 1673819077 7,000000 -1,000000 7,000000 7,000000 9,800000
28 1673819076 5,600000 -1,000000 5,600000 5,600000 6,272000
28 1673819075 5,600000 -1,000000 5,600000 5,600000 6,272000
28 1673819074 5,600000 -1,000000 5,600000 5,600000 6,272000
28 1673819073 5,600000 -1,000000 5,600000 5,600000 6,272000
28 1673819072 5,600000 -1,000000 5,600000 5,600000 6,272000
28 1673819071 4,400000 -1,000000 4,400000 4,400000 3,872000
28 1673819070 4,400000 -1,000000 4,400000 4,400000 3,872000
28 1673819069 4,400000 -1,000000 4,400000 4,400000 3,872000
28 1673819068 4,400000 -1,000000 4,400000 4,400000 3,872000
28 1673819067 4,400000 -1,000000 4,400000 4,400000 3,872000
28 1673819066 5,800000 -1,000000 5,800000 5,800000 6,728000
28 1673819065 5,800000 -1,000000 5,800000 5,800000 6,728000
28 1673819064 5,800000 -1,000000 5,800000 5,800000 6,728000
28 1673819063 5,800000 -1,000000 5,800000 5,800000 6,728000
28 1673819062 5,800000 -1,000000 5,800000 5,800000 6,728000
28 1673819061 6,400000 -1,000000 6,400000 6,400000 8,192000
28 1673819060 6,400000 -1,000000 6,400000 6,400000 8,192000
28 1673819059 6,400000 -1,000000 6,400000 6,400000 8,192000
28 1673819058 6,400000 -1,000000 6,400000 6,400000 8,192000
28 1673819057 6,400000 -1,000000 6,400000 6,400000 8,192000
28 1673819056 3,400000 -1,000000 3,400000 3,400000 2,312000
28 1673819055 3,400000 -1,000000 3,400000 3,400000 2,312000
28 1673819054 3,400000 -1,000000 3,400000 3,400000 2,312000
28 1673819053 3,400000 -1,000000 3,400000 3,400000 2,312000
28 1673819052 3,400000 -1,000000 3,400000 3,400000 2,312000
28 1673819051 2,400000 -1,000000 2,400000 2,400000 1,152000
28 1673819050 2,400000 -1,000000 2,400000 2,400000 1,152000
28 1673819049 2,400000 -1,000000 2,400000 2,400000 1,152000
28 1673819048 2,400000 -1,000000 2,400000 2,400000 1,152000
28 1673819047 2,400000 -1,000000 2,400000 2,400000 1,152000
28 1673819046 1,800000 -1,000000 1,800000 1,800000 0,648000
28 1673819045 1,800000 -1,000000 1,800000 1,800000 0,648000
28 1673819044 1,800000 -1,000000 1,800000 1,800000 0,648000
28 1673819043 1,800000 -1,000000 1,800000 1,800000 0,648000
28 1673819042 1,800000 -1,000000 1,800000 1,800000 0,648000
28 1673819041 3,600000 -1,000000 3,600000 3,600000 2,592000
28 1673819040 3,600000 -1,000000 3,600000 3,600000 2,592000
28 1673819039 3,600000 -1,000000 3,600000 3,600000 2,592000
28 1673819038 3,600000 -1,000000 3,600000 3,600000 2,592000
28 1673819037 3,600000 -1,000000 3,600000 3,600000 2,592000
28 1673819036 3,000000 -1,000000 3,000000 3,000000 1,800000
28 1673819035 3,000000 -1,000000 3,000000 3,000000 1,800000
28 1673819034 3,000000 -1,000000 3,000000 3,000000 1,800000
28 1673819033 3,000000 -1,000000 3,000000 3,000000 1,800000
28 1673819032 3,000000 -1,000000 3,000000 3,000000 1,800000
28 1673819031 6,600000 -1,000000 6,600000 6,600000 8,712000
28 1673819030 6,600000 -1,000000 6,600000 6,600000 8,712000
28 1673819029 6,600000 -1,000000 6,600000 6,600000 8,712000
28 1673819028 6,600000 -1,000000 6,600000 6,600000 8,712000
28 1673819027 6,600000 -1,000000 6,600000 6,600000 8,712000
28 1673819026 2,000000 -1,000000 2,000000 2,000000 0,800000
28 1673819025 2,000000 -1,000000 2,000000 2,000000 0,800000
28 1673819024 2,000000 -1,000000 2,000000 2,000000 0,800000
28 1673819023 2,000000 -1,000000 2,000000 2,000000 0,800000
28 1673819022 2,000000 -1,000000 2,000000 2,000000 0,800000
28 1673819021 0,800000 -1,000000 0,800000 0,800000 0,128000
28 1673819020 0,800000 -1,000000 0,800000 0,800000 0,128000
28 1673819020 0,800000 -1,000000 -101,000000 0,000000 0,000000
28 1673819021 0,800000 -1,000000 -101,000000 0,000000 0,000000
28 1673819022 2,000000 -1,000000 -101,000000 0,000000 0,000000
28 1673819023 2,000000 -1,000000 -101,000000 0,000000 0,000000
28 1673819024 2,000000 -1,000000 -101,000000 0,000000 0,000000
28 1673819025 2,000000 -1,000000 -101,000000 0,000000 0,000000
28 1673819026 2,000000 -1,000000 -101,000000 0,000000 0,000000
28 1673819027 6,600000 -1,000000 -101,000000 0,000000 0,000000
28 1673819028 6,600000 -1,000000 -101,000000 0,000000 0,000000
28 1673819029 6,600000 -1,000000 -101,000000 0,000000 0,000000
28 1673819030 6,600000 -1,000000 -101,000000 0,000000 0,000000
28 1673819031 6,600000 -1,000000 -101,000000 0,000000 0,000000
28 1673819032 3,000000 -1,000000 -101,000000 0,000000 0,000000
28 1673819033 3,000000 -1,000000 -101,000000 0,000000 0,000000
28 1673819034 3,000000 -1,000000 -101,000000 0,000000 0,000000
28 1673819035 3,000000 -1,000000 -101,000000 0,000000 0,000000
28 1673819036 3,000000 -1,000000 -101,000000 0,000000 0,000000
28 1673819037 3,600000 -1,000000 -101,000000 0,000000 0,000000
28 1673819038 3,600000 -1,000000 -101,000000 0,000000 0,000000
28 1673819039 3,600000 -1,000000 -101,000000 0,000000 0,000000
28 1673819040 3,600000 -1,000000 -101,000000 0,000000 0,000000
28 1673819041 3,600000 -1,000000 -101,000000 0,000000 0,000000
28 1673819042 1,800000 -1,000000 -101,000000 0,000000 0,000000
28 1673819043 1,800000 -1,000000 -101,000000 0,000000 0,000000
28 1673819044 1,800000 -1,000000 -101,000000 0,000000 0,000000
28 1673819045 1,800000 -1,000000 -101,000000 0,000000 0,000000
28 1673819046 1,800000 -1,000000 -101,000000 0,000000 0,000000
28 1673819047 2,400000 -1,000000 -101,000000 0,000000 0,000000
28 1673819048 2,400000 -1,000000 -101,000000 0,000000 0,000000
28 1673819049 2,400000 -1,000000 -101,000000 0,000000 0,000000
28 1673819050 2,400000 -1,000000 -101,000000 0,000000 0,000000
28 1673819051 2,400000 -1,000000 -101,000000 0,000000 0,000000
28 1673819052 3,400000 -1,000000 -101,000000 0,000000 0,000000
28 1673819053 3,400000 -1,000000 -101,000000 0,000000 0,000000
28 1673819054 3,400000 -1,000000 -101,000000 0,000000 0,000000
28 1673819055 3,400000 -1,000000 -101,000000 0,000000 0,000000
28 1673819056 3,400000 -1,000000 -101,000000 0,000000 0,000000
28 1673819057 6,400000 -1,000000 -101,000000 0,000000 0,000000
28 1673819058 6,400000 -1,000000 -101,000000 0,000000 0,000000
28 1673819059 6,400000 -1,000000 -101,000000 0,000000 0,000000
28 1673819060 6,400000 -1,000000 -101,000000 0,000000 0,000000
28 1673819061 6,400000 -1,000000 -101,000000 0,000000 0,000000
28 1673819062 5,800000 -1,000000 -101,000000 0,000000 0,000000
28 1673819063 5,800000 -1,000000 -101,000000 0,000000 0,000000
28 1673819064 5,800000 -1,000000 -101,000000 0,000000 0,000000
28 1673819065 5,800000 -1,000000 -101,000000 0,000000 0,000000
28 1673819066 5,800000 -1,000000 -101,000000 0,000000 0,000000
28 1673819067 4,400000 -1,000000 -101,000000 0,000000 0,000000
28 1673819068 4,400000 -1,000000 -101,000000 0,000000 0,000000
28 1673819069 4,400000 -1,000000 -101,000000 0,000000 0,000000
28 1673819070 4,400000 -1,000000 -101,000000 0,000000 0,000000
28 1673819071 4,400000 -1,000000 -101,000000 0,000000 0,000000
28 1673819072 5,600000 -1,000000 -101,000000 0,000000 0,000000
28 1673819073 5,600000 -1,000000 -101,000000 0,000000 0,000000
28 1673819074 5,600000 -1,000000 -101,000000 0,000000 0,000000
28 1673819075 5,600000 -1,000000 -101,000000 0,000000 0,000000
28 1673819076 5,600000 -1,000000 -101,000000 0,000000 0,000000
28 1673819077 7,000000 -1,000000 -101,000000 0,000000 0,000000
28 1673819078 7,000000 -1,000000 -101,000000 0,000000 0,000000
28 1673819079 7,000000 -1,000000 -101,000000 0,000000 0,000000
28 1673819080 7,000000 -1,000000 -101,000000 0,000000 0,000000
28 1673819081 7,000000 -1,000000 -101,000000 0,000000 0,000000
28 1673819082 3,400000 -1,000000 -101,000000 0,000000 0,000000
28 1673819083 3,400000 -1,000000 -101,000000 0,000000 0,000000
28 1673819084 3,400000 -1,000000 -101,000000 0,000000 0,000000
28 1673819085 3,400000 -1,000000 -101,000000 0,000000 0,000000
28 1673819086 3,400000 -1,000000 -101,000000 0,000000 0,000000
28 1673819087 1,800000 -1,000000 -101,000000 0,000000 0,000000
28 1673819088 1,800000 -1,000000 -101,000000 0,000000 0,000000
28 1673819089 1,800000 -1,000000 -101,000000 0,000000 0,000000
28 1673819090 1,800000 -1,000000 -101,000000 0,000000 0,000000
28 1673819091 1,800000 -1,000000 -101,000000 0,000000 0,000000
28 1673819092 2,400000 -1,000000 -101,000000 0,000000 0,000000
28 1673819093 2,400000 -1,000000 -101,000000 0,000000 0,000000
28 1673819094 2,400000 -1,000000 -101,000000 0,000000 0,000000
28 1673819095 2,400000 -1,000000 -101,000000 0,000000 0,000000
28 1673819096 2,400000 -1,000000 -101,000000 0,000000 0,000000
28 1673819097 3,400000 -1,000000 -101,000000 0,000000 0,000000
28 1673819098 3,400000 -1,000000 -101,000000 0,000000 0,000000
28 1673819099 3,400000 -1,000000 -101,000000 0,000000 0,000000
28 1673819100 3,400000 -1,000000 -101,000000 0,000000 0,000000
28 1673819101 3,400000 -1,000000 -101,000000 0,000000 0,000000
28 1673819102 2,400000 -1,000000 -101,000000 0,000000 0,000000
28 1673819103 2,400000 -1,000000 -101,000000 0,000000 0,000000
28 1673819104 2,400000 -1,000000 -101,000000 0,000000 0,000000
28 1673819105 2,400000 -1,000000 -101,000000 0,000000 0,000000
28 1673819106 2,400000 -1,000000 -101,000000 0,000000 0,000000
28 1673819107 1,000000 -1,000000 -101,000000 0,000000 0,000000
28 1673819108 1,000000 -1,000000 -101,000000 0,000000 0,000000
28 1673819109 1,000000 -1,000000 -101,000000 0,000000 0,000000
28 1673819110 1,000000 -1,000000 -101,000000 0,000000 0,000000
28 1673819111 1,000000 -1,000000 -101,000000 0,000000 0,000000
28 1673819112 2,000000 -1,000000 -101,000000 0,000000 0,000000
28 1673819113 2,000000 -1,000000 -101,000000 0,000000 0,000000
28 1673819114 2,000000 -1,000000 -101,000000 0,000000 0,000000
28 1673819115 2,000000 -1,000000 -101,000000 0,000000 0,000000
28 1673819116 2,000000 -1,000000 -101,000000 0,000000 0,000000
28 1673819117 3,600000 -1,000000 -101,000000 0,000000 0,000000
28 1673819118 3,600000 -1,000000 -101,000000 0,000000 0,000000
28 1673819119 3,600000 -1,000000 -101,000000 0,000000 0,000000
28 1673819120 3,600000 -1,000000 -101,000000 0,000000 0,000000
28 1673819121 3,600000 -1,000000 -101,000000 0,000000 0,000000
28 1673819122 2,400000 -1,000000 -101,000000 0,000000 0,000000
28 1673819123 2,400000 -1,000000 -101,000000 0,000000 0,000000
28 1673819124 2,400000 -1,000000 -101,000000 0,000000 0,000000
28 1673819125 2,400000 -1,000000 -101,000000 0,000000 0,000000
28 1673819126 2,400000 -1,000000 -101,000000 0,000000 0,000000
28 1673819127 6,400000 -1,000000 -101,000000 0,000000 0,000000
28 1673819128 6,400000 -1,000000 -101,000000 0,000000 0,000000
28 1673819129 6,400000 -1,000000 -101,000000 0,000000 0,000000
28 1673819130 6,400000 -1,000000 -101,000000 0,000000 0,000000
28 1673819131 6,400000 -1,000000 -101,000000 0,000000 0,000000
28 1673819132 8,600000 -1,000000 -101,000000 0,000000 0,000000
28 1673819133 8,600000 -1,000000 -101,000000 0,000000 0,000000
28 1673819134 8,600000 -1,000000 -101,000000 0,000000 0,000000
28 1673819135 8,600000 -1,000000 -101,000000 0,000000 0,000000
28 1673819136 8,600000 -1,000000 -101,000000 0,000000 0,000000
28 1673819137 5,600000 -1,000000 -101,000000 0,000000 0,000000
28 1673819138 5,600000 -1,000000 -101,000000 0,000000 0,000000
28 1673819139 5,600000 -1,000000 -101,000000 0,000000 0,000000
28 1673819140 5,600000 -1,000000 -101,000000 0,000000 0,000000
28 1673819141 5,600000 -1,000000 -101,000000 0,000000 0,000000
28 1673819142 4,000000 -1,000000 -101,000000 0,000000 0,000000
28 1673819143 4,000000 -1,000000 -101,000000 0,000000 0,000000
28 1673819144 4,000000 -1,000000 -101,000000 0,000000 0,000000
28 1673819145 4,000000 -1,000000 -101,000000 0,000000 0,000000
28 1673819146 4,000000 -1,000000 -101,000000 0,000000 0,000000
28 1673819147 1,600000 -1,000000 -101,000000 0,000000 0,000000
28 1673819148 1,600000 -1,000000 -101,000000 0,000000 0,000000
28 1673819149 1,600000 -1,000000 -101,000000 0,000000 0,000000
28 1673819150 1,600000 -1,000000 -101,000000 0,000000 0,000000
28 1673819151 1,600000 -1,000000 -101,000000 0,000000 0,000000
28 1673819152 1,000000 -1,000000 -101,000000 0,000000 0,000000
28 1673819153 1,000000 -1,000000 -101,000000 0,000000 0,000000
28 1673819154 1,000000 -1,000000 -101,000000 0,000000 0,000000
28 1673819155 1,000000 -1,000000 -101,000000 0,000000 0,000000
28 1673819156 1,000000 -1,000000 -101,000000 0,000000 0,000000
28 1673819157 2,000000 -1,000000 -101,000000 0,000000 0,000000
28 1673819158 2,000000 -1,000000 -101,000000 0,000000 0,000000
28 1673819159 2,000000 -1,000000 -101,000000 0,000000 0,000000
28 1673819160 2,000000 -1,000000 -101,000000 0,000000 0,000000
28 1673819161 2,000000 -1,000000 -101,000000 0,000000 0,000000
28 1673819162 2,800000 -1,000000 -101,000000 0,000000 0,000000
28 1673819163 2,800000 -1,000000 -101,000000 0,000000 0,000000
28 1673819164 2,800000 -1,000000 -101,000000 0,000000 0,000000
28 1673819165 2,800000 -1,000000 -101,000000 0,000000 0,000000
28 1673819166 2,800000 -1,000000 -101,000000 0,000000 0,000000
28 1673819167 6,200000 -1,000000 -101,000000 0,000000 0,000000
28 1673819168 6,200000 -1,000000 -101,000000 0,000000 0,000000
28 1673819169 6,200000 -1,000000 -101,000000 0,000000 0,000000
28 1673819170 6,200000 -1,000000 -101,000000 0,000000 0,000000
28 1673819171 6,200000 -1,000000 -101,000000 0,000000 0,000000
28 1673819172 5,600000 -1,000000 -101,000000 0,000000 0,000000
28 1673819173 5,600000 -1,000000 -101,000000 0,000000 0,000000
28 1673819174 5,600000 -1,000000 -101,000000 0,000000 0,000000
28 1673819175 5,600000 -1,000000 -101,000000 0,000000 0,000000
28 1673819176 5,600000 -1,000000 -101,000000 0,000000 0,000000
28 1673819177 4,000000 -1,000000 -101,000000 0,000000 0,000000
28 1673819178 4,000000 -1,000000 -101,000000 0,000000 0,000000
28 1673819179 4,000000 -1,000000 -101,000000 0,000000 0,000000
28 1673819180 4,000000 -1,000000 -101,000000 0,000000 0,000000
28 1673819181 4,000000 -1,000000 -101,000000 0,000000 0,000000
28 1673819182 1,600000 -1,000000 -101,000000 0,000000 0,000000
28 1673819183 1,600000 -1,000000 -101,000000 0,000000 0,000000
28 1673819184 1,600000 -1,000000 -101,000000 0,000000 0,000000
28 1673819185 1,600000 -1,000000 -101,000000 0,000000 0,000000
28 1673819186 1,600000 -1,000000 -101,000000 0,000000 0,000000
28 1673819187 6,200000 -1,000000 -101,000000 0,000000 0,000000
28 1673819188 6,200000 -1,000000 -101,000000 0,000000 0,000000
28 1673819189 6,200000 -1,000000 -101,000000 0,000000 0,000000
28 1673819190 6,200000 -1,000000 -101,000000 0,000000 0,000000
28 1673819191 6,200000 -1,000000 -101,000000 0,000000 0,000000
28 1673819192 2,000000 -1,000000 -101,000000 0,000000 0,000000
28 1673819193 2,000000 -1,000000 -101,000000 0,000000 0,000000
28 1673819194 2,000000 -1,000000 -101,000000 0,000000 0,000000
28 1673819195 2,000000 -1,000000 -101,000000 0,000000 0,000000
28 1673819196 2,000000 -1,000000 -101,000000 0,000000 0,000000
28 1673819197 3,200000 -1,000000 -101,000000 0,000000 0,000000
28 1673819198 3,200000 -1,000000 -101,000000 0,000000 0,000000
28 1673819199 3,200000 -1,000000 -101,000000 0,000000 0,000000
28 1673819200 3,200000 -1,000000 -101,000000 0,000000 0,000000
28 1673819201 3,200000 -1,000000 -101,000000 0,000000 0,000000
28 1673819202 5,000000 -1,000000 -101,000000 0,000000 0,000000
28 1673819203 5,000000 -1,000000 -101,000000 0,000000 0,000000
28 1673819204 5,000000 -1,000000 -101,000000 0,000000 0,000000
28 1673819205 5,000000 -1,000000 -101,000000 0,000000 0,000000
28 1673819206 5,000000 -1,000000 -101,000000 0,000000 0,000000
28 1673819207 4,600000 -1,000000 -101,000000 0,000000 0,000000
28 1673819208 4,600000 -1,000000 -101,000000 0,000000 0,000000
28 1673819209 4,600000 -1,000000 -101,000000 0,000000 0,000000
28 1673819210 4,600000 -1,000000 -101,000000 0,000000 0,000000
28 1673819211 4,600000 -1,000000 -101,000000 0,000000 0,000000
28 1673819212 0,400000 -1,000000 -101,000000 0,000000 0,000000
28 1673819213 0,400000 -1,000000 -101,000000 0,000000 0,000000
28 1673819214 0,400000 -1,000000 -101,000000 0,000000 0,000000
28 1673819215 0,400000 -1,000000 -101,000000 0,000000 0,000000
28 1673819216 0,400000 -1,000000 -101,000000 0,000000 0,000000
28 1673819217 3,400000 -1,000000 -101,000000 0,000000 0,000000
28 1673819218 3,400000 -1,000000 -101,000000 0,000000 0,000000
28 1673819219 3,400000 -1,000000 -101,000000 0,000000 0,000000
28 1673819220 3,400000 -1,000000 -101,000000 0,000000 0,000000
28 1673819221 3,400000 -1,000000 -101,000000 0,000000 0,000000
28 1673819222 4,400000 -1,000000 -101,000000 0,000000 0,000000
28 1673819223 4,400000 -1,000000 -101,000000 0,000000 0,000000
28 1673819224 4,400000 -1,000000 -101,000000 0,000000 0,000000
28 1673819225 4,400000 -1,000000 -101,000000 0,000000 0,000000
28 1673819226 4,400000 -1,000000 -101,000000 0,000000 0,000000
28 1673819227 3,000000 -1,000000 -101,000000 0,000000 0,000000
28 1673819228 3,000000 -1,000000 -101,000000 0,000000 0,000000
28 1673819229 3,000000 -1,000000 -101,000000 0,000000 0,000000
28 1673819230 3,000000 -1,000000 -101,000000 0,000000 0,000000
28 1673819231 3,000000 -1,000000 -101,000000 0,000000 0,000000
28 1673819232 3,400000 -1,000000 -101,000000 0,000000 0,000000
28 1673819233 3,400000 -1,000000 -101,000000 0,000000 0,000000
28 1673819234 3,400000 -1,000000 -101,000000 0,000000 0,000000
28 1673819235 3,400000 -1,000000 -101,000000 0,000000 0,000000
28 1673819236 3,400000 -1,000000 -101,000000 0,000000 0,000000
28 1673819237 3,200000 -1,000000 -101,000000 0,000000 0,000000
28 1673819238 3,200000 -1,000000 -101,000000 0,000000 0,000000
28 1673819239 3,200000 -1,000000 -101,000000 0,000000 0,000000
28 1673819240 3,200000 -1,000000 -101,000000 0,000000 0,000000
28 1673819241 3,200000 -1,000000 -101,000000 0,000000 0,000000
28 1673819242 4,800000 -1,000000 -101,000000 0,000000 0,000000
28 1673819243 4,800000 -1,000000 -101,000000 0,000000 0,000000
28 1673819244 4,800000 -1,000000 -101,000000 0,000000 0,000000
28 1673819245 4,800000 -1,000000 -101,000000 0,000000 0,000000
28 1673819246 4,800000 -1,000000 -101,000000 0,000000 0,000000
28 1673819247 2,400000 -1,000000 -101,000000 0,000000 0,000000
28 1673819248 2,400000 -1,000000 -101,000000 0,000000 0,000000
28 1673819249 2,400000 -1,000000 -101,000000 0,000000 0,000000
28 1673819250 2,400000 -1,000000 -101,000000 0,000000 0,000000
28 1673819251 2,400000 -1,000000 -101,000000 0,000000 0,000000
28 1673819252 2,400000 -1,000000 -101,000000 0,000000 0,000000
28 1673819253 2,400000 -1,000000 -101,000000 0,000000 0,000000
28 1673819254 2,400000 -1,000000 -101,000000 0,000000 0,000000
28 1673819255 2,400000 -1,000000 -101,000000 0,000000 0,000000
28 1673819256 2,400000 -1,000000 -101,000000 0,000000 0,000000
28 1673819257 3,600000 -1,000000 -101,000000 0,000000 0,000000
28 1673819258 3,600000 -1,000000 -101,000000 0,000000 0,000000
28 1673819259 3,600000 -1,000000 -101,000000 0,000000 0,000000
28 1673819260 3,600000 -1,000000 -101,000000 0,000000 0,000000
28 1673819261 3,600000 -1,000000 -101,000000 0,000000 0,000000
28 1673819262 6,400000 -1,000000 -101,000000 0,000000 0,000000
28 1673819263 6,400000 -1,000000 -101,000000 0,000000 0,000000
28 1673819264 6,400000 -1,000000 -101,000000 0,000000 0,000000
28 1673819265 6,400000 -1,000000 -101,000000 0,000000 0,000000
28 1673819266 6,400000 -1,000000 -101,000000 0,000000 0,000000
28 1673819267 6,600000 -1,000000 -101,000000 0,000000 0,000000
28 1673819268 6,600000 -1,000000 -101,000000 0,000000 0,000000
28 1673819269 6,600000 -1,000000 -101,000000 0,000000 0,000000
28 1673819270 6,600000 -1,000000 -101,000000 0,000000 0,000000
28 1673819271 6,600000 -1,000000 -101,000000 0,000000 0,000000
28 1673819272 5,600000 -1,000000 -101,000000 0,000000 0,000000
28 1673819273 5,600000 -1,000000 -101,000000 0,000000 0,000000
28 1673819274 5,600000 -1,000000 -101,000000 0,000000 0,000000
28 1673819275 5,600000 -1,000000 -101,000000 0,000000 0,000000
28 1673819276 5,600000 -1,000000 -101,000000 0,000000 0,000000
28 1673819277 5,000000 -1,000000 -101,000000 0,000000 0,000000
28 1673819278 5,000000 -1,000000 -101,000000 0,000000 0,000000
28 1673819279 5,000000 -1,000000 -101,000000 0,000000 0,000000
28 1673819280 5,000000 -1,000000 -101,000000 0,000000 0,000000
28 1673819281 5,000000 -1,000000 -101,000000 0,000000 0,000000
28 1673819282 2,200000 -1,000000 -101,000000 0,000000 0,000000
28 1673819283 2,200000 -1,000000 -101,000000 0,000000 0,000000
28 1673819284 2,200000 -1,000000 -101,000000 0,000000 0,000000
28 1673819285 2,200000 -1,000000 -101,000000 0,000000 0,000000
28 1673819286 2,200000 -1,000000 -101,000000 0,000000 0,000000
28 1673819287 2,400000 -1,000000 -101,000000 0,000000 0,000000
28 1673819288 2,400000 -1,000000 -101,000000 0,000000 0,000000
28 1673819289 2,400000 -1,000000 -101,000000 0,000000 0,000000
28 1673819290 2,400000 -1,000000 -101,000000 0,000000 0,000000
28 1673819291 2,400000 -1,000000 -101,000000 0,000000 0,000000
28 1673819292 1,800000 -1,000000 -101,000000 0,000000 0,000000
28 1673819293 1,800000 -1,000000 -101,000000 0,000000 0,000000
28 1673819294 1,800000 -1,000000 -101,000000 0,000000 0,000000
28 1673819295 1,800000 -1,000000 -101,000000 0,000000 0,000000
28 1673819296 1,800000 -1,000000 -101,000000 0,000000 0,000000
28 1673819302 1,800000 -1,000000 -101,000000 0,000000 0,000000
28 1673819303 1,800000 -1,000000 -101,000000 0,000000 0,000000
28 1673819304 1,800000 -1,000000 -101,000000 0,000000 0,000000
28 1673819305 1,800000 -1,000000 -101,000000 0,000000 0,000000
28 1673819306 1,800000 -1,000000 -101,000000 0,000000 0,000000
28 1673819307 4,800000 -1,000000 -101,000000 0,000000 0,000000
28 1673819308 4,800000 -1,000000 -101,000000 0,000000 0,000000
28 1673819309 4,800000 -1,000000 -101,000000 0,000000 0,000000
28 1673819310 4,800000 -1,000000 -101,000000 0,000000 0,000000
28 1673819311 4,800000 -1,000000 -101,000000 0,000000 0,000000
28 1673819312 5,800000 -1,000000 -101,000000 0,000000 0,000000
28 1673819313 5,800000 -1,000000 -101,000000 0,000000 0,000000
28 1673819314 5,800000 -1,000000 -101,000000 0,000000 0,000000
28 1673819315 5,800000 -1,000000 -101,000000 0,000000 0,000000
28 1673819316 5,800000 -1,000000 -101,000000 0,000000 0,000000
28 1673819317 3,000000 -1,000000 -101,000000 0,000000 0,000000
28 1673819318 3,000000 -1,000000 -101,000000 0,000000 0,000000
28 1673819319 3,000000 -1,000000 -101,000000 0,000000 0,000000
28 1673819320 3,000000 -1,000000 -101,000000 0,000000 0,000000
28 1673819321 3,000000 -1,000000 -101,000000 0,000000 0,000000
28 1673819322 6,000000 -1,000000 -101,000000 0,000000 0,000000
28 1673819323 6,000000 -1,000000 -101,000000 0,000000 0,000000
28 1673819324 6,000000 -1,000000 -101,000000 0,000000 0,000000
28 1673819325 6,000000 -1,000000 -101,000000 0,000000 0,000000
28 1673819326 6,000000 -1,000000 -101,000000 0,000000 0,000000
28 1673819327 4,600000 -1,000000 -101,000000 0,000000 0,000000
28 1673819328 4,600000 -1,000000 -101,000000 0,000000 0,000000
28 1673819329 4,600000 -1,000000 -101,000000 0,000000 0,000000
28 1673819330 4,600000 -1,000000 -101,000000 0,000000 0,000000
28 1673819331 4,600000 -1,000000 -101,000000 0,000000 0,000000
28 1673819332 3,600000 -1,000000 -101,000000 0,000000 0,000000
28 1673819333 3,600000 -1,000000 -101,000000 0,000000 0,000000
28 1673819334 3,600000 -1,000000 -101,000000 0,000000 0,000000
28 1673819335 3,600000 -1,000000 -101,000000 0,000000 0,000000
28 1673819336 3,600000 -1,000000 -101,000000 0,000000 0,000000
28 1673819337 5,000000 -1,000000 -101,000000 0,000000 0,000000
28 1673819338 5,000000 -1,000000 -101,000000 0,000000 0,000000
28 1673819339 5,000000 -1,000000 -101,000000 0,000000 0,000000
28 1673819340 5,000000 -1,000000 -101,000000 0,000000 0,000000
28 1673819341 5,000000 -1,000000 -101,000000 0,000000 0,000000
28 1673819342 3,800000 -1,000000 -101,000000 0,000000 0,000000
28 1673819343 3,800000 -1,000000 -101,000000 0,000000 0,000000
28 1673819344 3,800000 -1,000000 -101,000000 0,000000 0,000000
28 1673819345 3,800000 -1,000000 -101,000000 0,000000 0,000000
28 1673819346 3,800000 -1,000000 -101,000000 0,000000 0,000000
28 1673819347 3,600000 -1,000000 -101,000000 0,000000 0,000000
28 1673819348 3,600000 -1,000000 -101,000000 0,000000 0,000000
28 1673819349 3,600000 -1,000000 -101,000000 0,000000 0,000000
28 1673819350 3,600000 -1,000000 -101,000000 0,000000 0,000000
28 1673819351 3,600000 -1,000000 -101,000000 0,000000 0,000000
28 1673819352 3,000000 -1,000000 -101,000000 0,000000 0,000000
28 1673819353 3,000000 -1,000000 -101,000000 0,000000 0,000000
28 1673819354 3,000000 -1,000000 -101,000000 0,000000 0,000000
28 1673819355 3,000000 -1,000000 -101,000000 0,000000 0,000000
28 1673819356 3,000000 -1,000000 -101,000000 0,000000 0,000000
28 1673819357 2,400000 -1,000000 -101,000000 0,000000 0,000000
28 1673819358 2,400000 -1,000000 -101,000000 0,000000 0,000000
28 1673819359 2,400000 -1,000000 -101,000000 0,000000 0,000000
28 1673819360 2,400000 -1,000000 -101,000000 0,000000 0,000000
28 1673819361 2,400000 -1,000000 -101,000000 0,000000 0,000000
28 1673819362 3,800000 -1,000000 -101,000000 0,000000 0,000000
28 1673819363 3,800000 -1,000000 -101,000000 0,000000 0,000000
28 1673819364 3,800000 -1,000000 -101,000000 0,000000 0,000000
28 1673819365 3,800000 -1,000000 -101,000000 0,000000 0,000000
28 1673819366 3,800000 -1,000000 -101,000000 0,000000 0,000000
28 1673819367 2,000000 -1,000000 -101,000000 0,000000 0,000000
28 1673819368 2,000000 -1,000000 -101,000000 0,000000 0,000000
28 1673819369 2,000000 -1,000000 -101,000000 0,000000 0,000000
28 1673819370 2,000000 -1,000000 -101,000000 0,000000 0,000000
28 1673819371 2,000000 -1,000000 -101,000000 0,000000 0,000000
28 1673819372 1,200000 -1,000000 -101,000000 0,000000 0,000000
28 1673819373 1,200000 -1,000000 -101,000000 0,000000 0,000000
28 1673819374 1,200000 -1,000000 -101,000000 0,000000 0,000000
28 1673819375 1,200000 -1,000000 -101,000000 0,000000 0,000000
28 1673819376 1,200000 -1,000000 -101,000000 0,000000 0,000000
28 1673819377 0,600000 -1,000000 -101,000000 0,000000 0,000000
28 1673819378 0,600000 -1,000000 -101,000000 0,000000 0,000000
28 1673819379 0,600000 -1,000000 -101,000000 0,000000 0,000000
28 1673819380 0,600000 -1,000000 -101,000000 0,000000 0,000000
28 1673819381 0,600000 -1,000000 -101,000000 0,000000 0,000000
28 1673819382 4,800000 -1,000000 -101,000000 0,000000 0,000000
28 1673819383 4,800000 -1,000000 -101,000000 0,000000 0,000000
28 1673819384 4,800000 -1,000000 -101,000000 0,000000 0,000000
28 1673819385 4,800000 -1,000000 -101,000000 0,000000 0,000000
28 1673819386 4,800000 -1,000000 -101,000000 0,000000 0,000000
28 1673819387 8,800000 -1,000000 -101,000000 0,000000 0,000000
28 1673819388 8,800000 -1,000000 -101,000000 0,000000 0,000000
28 1673819389 8,800000 -1,000000 -101,000000 0,000000 0,000000
28 1673819390 8,800000 -1,000000 -101,000000 0,000000 0,000000
28 1673819391 8,800000 -1,000000 -101,000000 0,000000 0,000000
28 1673819392 6,800000 -1,000000 -101,000000 0,000000 0,000000
28 1673819393 6,800000 -1,000000 -101,000000 0,000000 0,000000
28 1673819394 6,800000 -1,000000 -101,000000 0,000000 0,000000
28 1673819395 6,800000 -1,000000 -101,000000 0,000000 0,000000
28 1673819396 6,800000 -1,000000 -101,000000 0,000000 0,000000
28 1673819397 5,600000 -1,000000 -101,000000 0,000000 0,000000
28 1673819398 5,600000 -1,000000 -101,000000 0,000000 0,000000
28 1673819399 5,600000 -1,000000 -101,000000 0,000000 0,000000
28 1673819400 5,600000 -1,000000 -101,000000 0,000000 0,000000
28 1673819401 5,600000 -1,000000 -101,000000 0,000000 0,000000
28 1673819402 2,200000 -1,000000 -101,000000 0,000000 0,000000
28 1673819403 2,200000 -1,000000 -101,000000 0,000000 0,000000
28 1673819404 2,200000 -1,000000 -101,000000 0,000000 0,000000
28 1673819405 2,200000 -1,000000 -101,000000 0,000000 0,000000
28 1673819406 2,200000 -1,000000 -101,000000 0,000000 0,000000
28 1673819407 1,200000 -1,000000 -101,000000 0,000000 0,000000
28 1673819408 1,200000 -1,000000 -101,000000 0,000000 0,000000
28 1673819409 1,200000 -1,000000 -101,000000 0,000000 0,000000
28 1673819410 1,200000 -1,000000 -101,000000 0,000000 0,000000
28 1673819411 1,200000 -1,000000 -101,000000 0,000000 0,000000
28 1673819412 5,400000 -1,000000 -101,000000 0,000000 0,000000
28 1673819413 5,400000 -1,000000 -101,000000 0,000000 0,000000
28 1673819414 5,400000 -1,000000 -101,000000 0,000000 0,000000
28 1673819415 5,400000 -1,000000 -101,000000 0,000000 0,000000
28 1673819416 5,400000 -1,000000 -101,000000 0,000000 0,000000
28 1673819417 3,400000 -1,000000 -101,000000 0,000000 0,000000
28 1673819418 3,400000 -1,000000 -101,000000 0,000000 0,000000
28 1673819419 3,400000 -1,000000 -101,000000 0,000000 0,000000
28 1673819420 3,400000 -1,000000 -101,000000 0,000000 0,000000
28 1673819421 3,400000 -1,000000 -101,000000 0,000000 0,000000
28 1673819422 4,800000 -1,000000 -101,000000 0,000000 0,000000
28 1673819423 4,800000 -1,000000 -101,000000 0,000000 0,000000
28 1673819424 4,800000 -1,000000 -101,000000 0,000000 0,000000
28 1673819425 4,800000 -1,000000 -101,000000 0,000000 0,000000
28 1673819426 4,800000 -1,000000 -101,000000 0,000000 0,000000
28 1673819427 2,400000 -1,000000 -101,000000 0,000000 0,000000
28 1673819428 2,400000 -1,000000 -101,000000 0,000000 0,000000
28 1673819429 2,400000 -1,000000 -101,000000 0,000000 0,000000
28 1673819430 2,400000 -1,000000 -101,000000 0,000000 0,000000
28 1673819431 2,400000 -1,000000 -101,000000 0,000000 0,000000
28 1673819432 1,600000 -1,000000 -101,000000 0,000000 0,000000
28 1673819433 1,600000 -1,000000 -101,000000 0,000000 0,000000
28 1673819434 1,600000 -1,000000 -101,000000 0,000000 0,000000
28 1673819435 1,600000 -1,000000 -101,000000 0,000000 0,000000
28 1673819436 1,600000 -1,000000 -101,000000 0,000000 0,000000
28 1673819437 1,400000 -1,000000 -101,000000 0,000000 0,000000
28 1673819438 1,400000 -1,000000 -101,000000 0,000000 0,000000
28 1673819439 1,400000 -1,000000 -101,000000 0,000000 0,000000
28 1673819440 1,400000 -1,000000 -101,000000 0,000000 0,000000
28 1673819441 1,400000 -1,000000 -101,000000 0,000000 0,000000
28 1673819442 2,800000 -1,000000 -101,000000 0,000000 0,000000
28 1673819443 2,800000 -1,000000 -101,000000 0,000000 0,000000
28 1673819444 2,800000 -1,000000 -101,000000 0,000000 0,000000
28 1673819445 2,800000 -1,000000 -101,000000 0,000000 0,000000
28 1673819446 2,800000 -1,000000 -101,000000 0,000000 0,000000
28 1673819447 1,400000 -1,000000 -101,000000 0,000000 0,000000
28 1673819448 1,400000 -1,000000 -101,000000 0,000000 0,000000
28 1673819449 1,400000 -1,000000 -101,000000 0,000000 0,000000
28 1673819450 1,400000 -1,000000 -101,000000 0,000000 0,000000
28 1673819451 1,400000 -1,000000 -101,000000 0,000000 0,000000
28 1673819452 6,200000 -1,000000 -101,000000 0,000000 0,000000
28 1673819453 6,200000 -1,000000 -101,000000 0,000000 0,000000
28 1673819454 6,200000 -1,000000 -101,000000 0,000000 0,000000
28 1673819455 6,200000 -1,000000 -101,000000 0,000000 0,000000
28 1673819456 6,200000 -1,000000 -101,000000 0,000000 0,000000
28 1673819457 7,800000 -1,000000 -101,000000 0,000000 0,000000
28 1673819458 7,800000 -1,000000 -101,000000 0,000000 0,000000
28 1673819459 7,800000 -1,000000 -101,000000 0,000000 0,000000
28 1673819460 7,800000 -1,000000 -101,000000 0,000000 0,000000
28 1673819461 7,800000 -1,000000 -101,000000 0,000000 0,000000
28 1673819462 3,600000 -1,000000 -101,000000 0,000000 0,000000
28 1673819463 3,600000 -1,000000 -101,000000 0,000000 0,000000
28 1673819464 3,600000 -1,000000 -101,000000 0,000000 0,000000
28 1673819465 3,600000 -1,000000 -101,000000 0,000000 0,000000
28 1673819466 3,600000 -1,000000 -101,000000 0,000000 0,000000
28 1673819467 0,400000 -1,000000 -101,000000 0,000000 0,000000
28 1673819468 0,400000 -1,000000 -101,000000 0,000000 0,000000
28 1673819469 0,400000 -1,000000 -101,000000 0,000000 0,000000
28 1673819470 0,400000 -1,000000 -101,000000 0,000000 0,000000
28 1673819471 0,400000 -1,000000 -101,000000 0,000000 0,000000
28 1673819472 5,000000 -1,000000 -101,000000 0,000000 0,000000
28 1673819473 5,000000 -1,000000 -101,000000 0,000000 0,000000
28 1673819474 5,000000 -1,000000 -101,000000 0,000000 0,000000
28 1673819475 5,000000 -1,000000 -101,000000 0,000000 0,000000
28 1673819476 5,000000 -1,000000 -101,000000 0,000000 0,000000
28 1673819477 5,000000 -1,000000 -101,000000 0,000000 0,000000
28 1673819478 5,000000 -1,000000 -101,000000 0,000000 0,000000
28 1673819479 5,000000 -1,000000 -101,000000 0,000000 0,000000
28 1673819480 5,000000 -1,000000 -101,000000 0,000000 0,000000
28 1673819481 5,000000 -1,000000 -101,000000 0,000000 0,000000
28 1673819482 4,800000 -1,000000 -101,000000 0,000000 0,000000
28 1673819483 4,800000 -1,000000 -101,000000 0,000000 0,000000
28 1673819484 4,800000 -1,000000 -101,000000 0,000000 0,000000
28 1673819485 4,800000 -1,000000 -101,000000 0,000000 0,000000
28 1673819486 4,800000 -1,000000 -101,000000 0,000000 0,000000
28 1673819487 7,400000 -1,000000 -101,000000 0,000000 0,000000
28 1673819488 7,400000 -1,000000 -101,000000 0,000000 0,000000
28 1673819489 7,400000 -1,000000 -101,000000 0,000000 0,000000
28 1673819490 7,400000 -1,000000 -101,000000 0,000000 0,000000
28 1673819491 7,400000 -1,000000 -101,000000 0,000000 0,000000
28 1673819492 4,600000 -1,000000 -101,000000 0,000000 0,000000
28 1673819493 4,600000 -1,000000 -101,000000 0,000000 0,000000
28 1673819494 4,600000 -1,000000 -101,000000 0,000000 0,000000
28 1673819495 4,600000 -1,000000 -101,000000 0,000000 0,000000
28 1673819496 4,600000 -1,000000 -101,000000 0,000000 0,000000
28 1673819497 3,800000 -1,000000 -101,000000 0,000000 0,000000
28 1673819498 3,800000 -1,000000 -101,000000 0,000000 0,000000
28 1673819499 3,800000 -1,000000 -101,000000 0,000000 0,000000
28 1673819500 3,800000 -1,000000 -101,000000 0,000000 0,000000
28 1673819501 3,800000 -1,000000 -101,000000 0,000000 0,000000
28 1673819502 0,800000 -1,000000 -101,000000 0,000000 0,000000
28 1673819503 0,800000 -1,000000 -101,000000 0,000000 0,000000
28 1673819504 0,800000 -1,000000 -101,000000 0,000000 0,000000
28 1673819505 0,800000 -1,000000 -101,000000 0,000000 0,000000
28 1673819506 0,800000 -1,000000 -101,000000 0,000000 0,000000
28 1673819507 1,800000 -1,000000 -101,000000 0,000000 0,000000
28 1673819508 1,800000 -1,000000 -101,000000 0,000000 0,000000
28 1673819509 1,800000 -1,000000 -101,000000 0,000000 0,000000
28 1673819510 1,800000 -1,000000 -101,000000 0,000000 0,000000
28 1673819511 1,800000 -1,000000 -101,000000 0,000000 0,000000
28 1673819512 1,800000 -1,000000 -101,000000 0,000000 0,000000
28 1673819513 1,800000 -1,000000 -101,000000 0,000000 0,000000
28 1673819514 1,800000 -1,000000 -101,000000 0,000000 0,000000
28 1673819515 1,800000 -1,000000 -101,000000 0,000000 0,000000
28 1673819516 1,800000 -1,000000 -101,000000 0,000000 0,000000
28 1673819517 3,000000 -1,000000 -101,000000 0,000000 0,000000
28 1673819518 3,000000 -1,000000 -101,000000 0,000000 0,000000
28 1673819519 3,000000 -1,000000 -101,000000 0,000000 0,000000
28 1673819520 3,000000 -1,000000 -101,000000 0,000000 0,000000
28 1673819521 3,000000 -1,000000 -101,000000 0,000000 0,000000
28 1673819522 4,200000 -1,000000 -101,000000 0,000000 0,000000
28 1673819523 4,200000 -1,000000 -101,000000 0,000000 0,000000
28 1673819524 4,200000 -1,000000 -101,000000 0,000000 0,000000
28 1673819525 4,200000 -1,000000 -101,000000 0,000000 0,000000
28 1673819526 4,200000 -1,000000 -101,000000 0,000000 0,000000
28 1673819527 4,800000 -1,000000 -101,000000 0,000000 0,000000
28 1673819528 4,800000 -1,000000 -101,000000 0,000000 0,000000
28 1673819529 4,800000 -1,000000 -101,000000 0,000000 0,000000
28 1673819530 4,800000 -1,000000 -101,000000 0,000000 0,000000
28 1673819531 4,800000 -1,000000 -101,000000 0,000000 0,000000
28 1673819532 0,200000 -1,000000 -101,000000 0,000000 0,000000
28 1673819533 0,200000 -1,000000 -101,000000 0,000000 0,000000
28 1673819534 0,200000 -1,000000 -101,000000 0,000000 0,000000
28 1673819535 0,200000 -1,000000 -101,000000 0,000000 0,000000
28 1673819536 0,200000 -1,000000 -101,000000 0,000000 0,000000
28 1673819537 2,200000 -1,000000 -101,000000 0,000000 0,000000
28 1673819538 2,200000 -1,000000 -101,000000 0,000000 0,000000
28 1673819539 2,200000 -1,000000 -101,000000 0,000000 0,000000
28 1673819540 2,200000 -1,000000 -101,000000 0,000000 0,000000
28 1673819541 2,200000 -1,000000 -101,000000 0,000000 0,000000
28 1673819542 3,800000 -1,000000 -101,000000 0,000000 0,000000
28 1673819543 3,800000 -1,000000 -101,000000 0,000000 0,000000
28 1673819544 3,800000 -1,000000 -101,000000 0,000000 0,000000
28 1673819545 3,800000 -1,000000 -101,000000 0,000000 0,000000
28 1673819546 3,800000 -1,000000 -101,000000 0,000000 0,000000
28 1673819547 3,800000 -1,000000 -101,000000 0,000000 0,000000
28 1673819548 3,800000 -1,000000 -101,000000 0,000000 0,000000
28 1673819549 3,800000 -1,000000 -101,000000 0,000000 0,000000
28 1673819550 3,800000 -1,000000 -101,000000 0,000000 0,000000
28 1673819551 3,800000 -1,000000 -101,000000 0,000000 0,000000
28 1673819552 4,200000 -1,000000 -101,000000 0,000000 0,000000
28 1673819553 4,200000 -1,000000 -101,000000 0,000000 0,000000
28 1673819554 4,200000 -1,000000 -101,000000 0,000000 0,000000
28 1673819555 4,200000 -1,000000 -101,000000 0,000000 0,000000
28 1673819556 4,200000 -1,000000 -101,000000 0,000000 0,000000
28 1673819557 7,000000 -1,000000 -101,000000 0,000000 0,000000
28 1673819558 7,000000 -1,000000 -101,000000 0,000000 0,000000
28 1673819559 7,000000 -1,000000 -101,000000 0,000000 0,000000
28 1673819560 7,000000 -1,000000 -101,000000 0,000000 0,000000
28 1673819561 7,000000 -1,000000 -101,000000 0,000000 0,000000
28 1673819562 5,400000 -1,000000 -101,000000 0,000000 0,000000
28 1673819563 5,400000 -1,000000 -101,000000 0,000000 0,000000
28 1673819564 5,400000 -1,000000 -101,000000 0,000000 0,000000
28 1673819565 5,400000 -1,000000 -101,000000 0,000000 0,000000
28 1673819566 5,400000 -1,000000 -101,000000 0,000000 0,000000
28 1673819567 6,000000 -1,000000 -101,000000 0,000000 0,000000
28 1673819568 6,000000 -1,000000 -101,000000 0,000000 0,000000
28 1673819569 6,000000 -1,000000 -101,000000 0,000000 0,000000
28 1673819570 6,000000 -1,000000 -101,000000 0,000000 0,000000
28 1673819571 6,000000 -1,000000 -101,000000 0,000000 0,000000
28 1673819572 4,800000 -1,000000 -101,000000 0,000000 0,000000
28 1673819573 4,800000 -1,000000 -101,000000 0,000000 0,000000
28 1673819574 4,800000 -1,000000 -101,000000 0,000000 0,000000
28 1673819575 4,800000 -1,000000 -101,000000 0,000000 0,000000
28 1673819576 4,800000 -1,000000 -101,000000 0,000000 0,000000
28 1673819577 2,800000 -1,000000 -101,000000 0,000000 0,000000
28 1673819578 2,800000 -1,000000 -101,000000 0,000000 0,000000
28 1673819579 2,800000 -1,000000 -101,000000 0,000000 0,000000
28 1673819580 2,800000 -1,000000 -101,000000 0,000000 0,000000
28 1673819581 2,800000 -1,000000 -101,000000 0,000000 0,000000
28 1673819582 4,200000 -1,000000 -101,000000 0,000000 0,000000
28 1673819583 4,200000 -1,000000 -101,000000 0,000000 0,000000
28 1673819584 4,200000 -1,000000 -101,000000 0,000000 0,000000
28 1673819585 4,200000 -1,000000 -101,000000 0,000000 0,000000
28 1673819586 4,200000 -1,000000 -101,000000 0,000000 0,000000
28 1673819587 3,600000 -1,000000 -101,000000 0,000000 0,000000
28 1673819588 3,600000 -1,000000 -101,000000 0,000000 0,000000
28 1673819589 3,600000 -1,000000 -101,000000 0,000000 0,000000
28 1673819590 3,600000 -1,000000 -101,000000 0,000000 0,000000
28 1673819591 3,600000 -1,000000 -101,000000 0,000000 0,000000
28 1673819592 2,800000 -1,000000 -101,000000 0,000000 0,000000
28 1673819593 2,800000 -1,000000 -101,000000 0,000000 0,000000
28 1673819594 2,800000 -1,000000 -101,000000 0,000000 0,000000
28 1673819595 2,800000 -1,000000 -101,000000 0,000000 0,000000
28 1673819596 2,800000 -1,000000 -101,000000 0,000000 0,000000
28 1673819597 3,200000 -1,000000 -101,000000 0,000000 0,000000
28 1673819598 3,200000 -1,000000 -101,000000 0,000000 0,000000
28 1673819599 3,200000 -1,000000 -101,000000 0,000000 0,000000
28 1673819600 3,200000 -1,000000 -101,000000 0,000000 0,000000
28 1673819601 3,200000 -1,000000 -101,000000 0,000000 0,000000
28 1673819602 3,400000 -1,000000 -101,000000 0,000000 0,000000
28 1673819603 3,400000 -1,000000 -101,000000 0,000000 0,000000
28 1673819604 3,400000 -1,000000 -101,000000 0,000000 0,000000
28 1673819605 3,400000 -1,000000 -101,000000 0,000000 0,000000
28 1673819606 3,400000 -1,000000 -101,000000 0,000000 0,000000
28 1673819607 1,200000 -1,000000 -101,000000 0,000000 0,000000
28 1673819608 1,200000 -1,000000 -101,000000 0,000000 0,000000
28 1673819609 1,200000 -1,000000 -101,000000 0,000000 0,000000
28 1673819610 1,200000 -1,000000 -101,000000 0,000000 0,000000
28 1673819611 1,200000 -1,000000 -101,000000 0,000000 0,000000
28 1673819612 0,800000 -1,000000 -101,000000 0,000000 0,000000
28 1673819613 0,800000 -1,000000 -101,000000 0,000000 0,000000
28 1673819614 0,800000 -1,000000 -101,000000 0,000000 0,000000
28 1673819615 0,800000 -1,000000 -101,000000 0,000000 0,000000
28 1673819616 0,800000 -1,000000 -101,000000 0,000000 0,000000
28 1673819617 2,000000 -1,000000 -101,000000 0,000000 0,000000
28 1673819618 2,000000 -1,000000 -101,000000 0,000000 0,000000
28 1673819619 2,000000 -1,000000 -101,000000 0,000000 0,000000
28 1673819620 2,000000 -1,000000 -101,000000 0,000000 0,000000
28 1673819621 2,000000 -1,000000 -101,000000 0,000000 0,000000
28 1673819622 0,800000 -1,000000 -101,000000 0,000000 0,000000
28 1673819623 0,800000 -1,000000 -101,000000 0,000000 0,000000
28 1673819624 0,800000 -1,000000 -101,000000 0,000000 0,000000
28 1673819625 0,800000 -1,000000 -101,000000 0,000000 0,000000
28 1673819626 0,800000 -1,000000 -101,000000 0,000000 0,000000
28 1673819627 1,400000 -1,000000 -101,000000 0,000000 0,000000
28 1673819628 1,400000 -1,000000 -101,000000 0,000000 0,000000
28 1673819629 1,400000 -1,000000 -101,000000 0,000000 0,000000
28 1673819630 1,400000 -1,000000 -101,000000 0,000000 0,000000
28 1673819631 1,400000 -1,000000 -101,000000 0,000000 0,000000
28 1673819632 5,600000 -1,000000 -101,000000 0,000000 0,000000
28 1673819633 5,600000 -1,000000 -101,000000 0,000000 0,000000
28 1673819634 5,600000 -1,000000 -101,000000 0,000000 0,000000
28 1673819635 5,600000 -1,000000 -101,000000 0,000000 0,000000
28 1673819636 5,600000 -1,000000 -101,000000 0,000000 0,000000
28 1673819637 6,600000 -1,000000 -101,000000 0,000000 0,000000
28 1673819638 6,600000 -1,000000 -101,000000 0,000000 0,000000
28 1673819639 6,600000 -1,000000 -101,000000 0,000000 0,000000
28 1673819640 6,600000 -1,000000 -101,000000 0,000000 0,000000
28 1673819641 6,600000 -1,000000 -101,000000 0,000000 0,000000
28 1673819642 7,800000 -1,000000 -101,000000 0,000000 0,000000
28 1673819643 7,800000 -1,000000 -101,000000 0,000000 0,000000
28 1673819644 7,800000 -1,000000 -101,000000 0,000000 0,000000
28 1673819645 7,800000 -1,000000 -101,000000 0,000000 0,000000
28 1673819646 7,800000 -1,000000 -101,000000 0,000000 0,000000
28 1673819647 12,000000 -1,000000 -101,000000 0,000000 0,000000
28 1673819648 12,000000 -1,000000 -101,000000 0,000000 0,000000
28 1673819649 12,000000 -1,000000 -101,000000 0,000000 0,000000
28 1673819650 12,000000 -1,000000 -101,000000 0,000000 0,000000
28 1673819651 12,000000 -1,000000 -101,000000 0,000000 0,000000
28 1673819652 5,600000 -1,000000 -101,000000 0,000000 0,000000
28 1673819653 5,600000 -1,000000 -101,000000 0,000000 0,000000
28 1673819654 5,600000 -1,000000 -101,000000 0,000000 0,000000
28 1673819655 5,600000 -1,000000 -101,000000 0,000000 0,000000
28 1673819656 5,600000 -1,000000 -101,000000 0,000000 0,000000
28 1673819657 1,600000 -1,000000 -101,000000 0,000000 0,000000
28 1673819658 1,600000 -1,000000 -101,000000 0,000000 0,000000
28 1673819659 1,600000 -1,000000 -101,000000 0,000000 0,000000
28 1673819660 1,600000 -1,000000 -101,000000 0,000000 0,000000
28 1673819661 1,600000 -1,000000 -101,000000 0,000000 0,000000
28 1673819662 0,800000 -1,000000 -101,000000 0,000000 0,000000
28 1673819663 0,800000 -1,000000 -101,000000 0,000000 0,000000
28 1673819664 0,800000 -1,000000 -101,000000 0,000000 0,000000
28 1673819665 0,800000 -1,000000 -101,000000 0,000000 0,000000
28 1673819666 0,800000 -1,000000 -101,000000 0,000000 0,000000
28 1673819667 3,400000 -1,000000 -101,000000 0,000000 0,000000
28 1673819668 3,400000 -1,000000 -101,000000 0,000000 0,000000
28 1673819669 3,400000 -1,000000 -101,000000 0,000000 0,000000
28 1673819670 3,400000 -1,000000 -101,000000 0,000000 0,000000
28 1673819671 3,400000 -1,000000 -101,000000 0,000000 0,000000
28 1673819672 4,600000 -1,000000 -101,000000 0,000000 0,000000
28 1673819673 4,600000 -1,000000 -101,000000 0,000000 0,000000
28 1673819674 4,600000 -1,000000 -101,000000 0,000000 0,000000
28 1673819675 4,600000 -1,000000 -101,000000 0,000000 0,000000
28 1673819676 4,600000 -1,000000 -101,000000 0,000000 0,000000
28 1673819677 1,800000 -1,000000 -101,000000 0,000000 0,000000
28 1673819678 1,800000 -1,000000 -101,000000 0,000000 0,000000
28 1673819679 1,800000 -1,000000 -101,000000 0,000000 0,000000
28 1673819680 1,800000 -1,000000 -101,000000 0,000000 0,000000
28 1673819681 1,800000 -1,000000 -101,000000 0,000000 0,000000
28 1673819682 0,600000 -1,000000 -101,000000 0,000000 0,000000
28 1673819683 0,600000 -1,000000 -101,000000 0,000000 0,000000
28 1673819684 0,600000 -1,000000 -101,000000 0,000000 0,000000
28 1673819685 0,600000 -1,000000 -101,000000 0,000000 0,000000
28 1673819686 0,600000 -1,000000 -101,000000 0,000000 0,000000
28 1673819687 1,600000 -1,000000 -101,000000 0,000000 0,000000
28 1673819688 1,600000 -1,000000 -101,000000 0,000000 0,000000
28 1673819689 1,600000 -1,000000 -101,000000 0,000000 0,000000
28 1673819690 1,600000 -1,000000 -101,000000 0,000000 0,000000
28 1673819691 1,600000 -1,000000 -101,000000 0,000000 0,000000
28 1673819692 3,000000 -1,000000 -101,000000 0,000000 0,000000
28 1673819693 3,000000 -1,000000 -101,000000 0,000000 0,000000
28 1673819694 3,000000 -1,000000 -101,000000 0,000000 0,000000
28 1673819695 3,000000 -1,000000 -101,000000 0,000000 0,000000
28 1673819696 3,000000 -1,000000 -101,000000 0,000000 0,000000
28 1673819697 1,800000 -1,000000 -101,000000 0,000000 0,000000
28 1673819698 1,800000 -1,000000 -101,000000 0,000000 0,000000
28 1673819699 1,800000 -1,000000 -101,000000 0,000000 0,000000
28 1673819700 1,800000 -1,000000 -101,000000 0,000000 0,000000
28 1673819701 1,800000 -1,000000 -101,000000 0,000000 0,000000
28 1673819702 3,400000 -1,000000 -101,000000 0,000000 0,000000
28 1673819703 3,400000 -1,000000 -101,000000 0,000000 0,000000
28 1673819704 3,400000 -1,000000 -101,000000 0,000000 0,000000
28 1673819705 3,400000 -1,000000 -101,000000 0,000000 0,000000
28 1673819706 3,400000 -1,000000 -101,000000 0,000000 0,000000
28 1673819707 9,400000 -1,000000 -101,000000 0,000000 0,000000
28 1673819708 9,400000 -1,000000 -101,000000 0,000000 0,000000
28 1673819709 9,400000 -1,000000 -101,000000 0,000000 0,000000
28 1673819710 9,400000 -1,000000 -101,000000 0,000000 0,000000
28 1673819711 9,400000 -1,000000 -101,000000 0,000000 0,000000
28 1673819712 3,400000 -1,000000 -101,000000 0,000000 0,000000
28 1673819713 3,400000 -1,000000 -101,000000 0,000000 0,000000
28 1673819714 3,400000 -1,000000 -101,000000 0,000000 0,000000
28 1673819715 3,400000 -1,000000 -101,000000 0,000000 0,000000
28 1673819716 3,400000 -1,000000 -101,000000 0,000000 0,000000
28 1673819717 2,000000 -1,000000 -101,000000 0,000000 0,000000
28 1673819718 2,000000 -1,000000 -101,000000 0,000000 0,000000
28 1673819719 2,000000 -1,000000 -101,000000 0,000000 0,000000
28 1673819720 2,000000 -1,000000 -101,000000 0,000000 0,000000
28 1673819721 2,000000 -1,000000 -101,000000 0,000000 0,000000
28 1673819722 2,200000 -1,000000 -101,000000 0,000000 0,000000
28 1673819723 2,200000 -1,000000 -101,000000 0,000000 0,000000
28 1673819724 2,200000 -1,000000 -101,000000 0,000000 0,000000
28 1673819725 2,200000 -1,000000 -101,000000 0,000000 0,000000
28 1673819726 2,200000 -1,000000 -101,000000 0,000000 0,000000
28 1673819727 3,400000 -1,000000 -101,000000 0,000000 0,000000
28 1673819728 3,400000 -1,000000 -101,000000 0,000000 0,000000
28 1673819729 3,400000 -1,000000 -101,000000 0,000000 0,000000
28 1673819730 3,400000 -1,000000 -101,000000 0,000000 0,000000
28 1673819731 3,400000 -1,000000 -101,000000 0,000000 0,000000
28 1673819732 4,400000 -1,000000 -101,000000 0,000000 0,000000
28 1673819733 4,400000 -1,000000 -101,000000 0,000000 0,000000
28 1673819734 4,400000 -1,000000 -101,000000 0,000000 0,000000
28 1673819735 4,400000 -1,000000 -101,000000 0,000000 0,000000
28 1673819736 4,400000 -1,000000 -101,000000 0,000000 0,000000
28 1673819737 4,600000 -1,000000 -101,000000 0,000000 0,000000
28 1673819738 4,600000 -1,000000 -101,000000 0,000000 0,000000
28 1673819739 4,600000 -1,000000 -101,000000 0,000000 0,000000
28 1673819740 4,600000 -1,000000 -101,000000 0,000000 0,000000
28 1673819741 4,600000 -1,000000 -101,000000 0,000000 0,000000
28 1673819742 8,400000 -1,000000 -101,000000 0,000000 0,000000
28 1673819743 8,400000 -1,000000 -101,000000 0,000000 0,000000
28 1673819744 8,400000 -1,000000 -101,000000 0,000000 0,000000
28 1673819745 8,400000 -1,000000 -101,000000 0,000000 0,000000
28 1673819746 8,400000 -1,000000 -101,000000 0,000000 0,000000
28 1673819747 6,200000 -1,000000 -101,000000 0,000000 0,000000
28 1673819748 6,200000 -1,000000 -101,000000 0,000000 0,000000
28 1673819749 6,200000 -1,000000 -101,000000 0,000000 0,000000
28 1673819750 6,200000 -1,000000 -101,000000 0,000000 0,000000
28 1673819751 6,200000 -1,000000 -101,000000 0,000000 0,000000
28 1673819752 2,000000 -1,000000 -101,000000 0,000000 0,000000
28 1673819753 2,000000 -1,000000 -101,000000 0,000000 0,000000
28 1673819754 2,000000 -1,000000 -101,000000 0,000000 0,000000
28 1673819755 2,000000 -1,000000 -101,000000 0,000000 0,000000
28 1673819756 2,000000 -1,000000 -101,000000 0,000000 0,000000
28 1673819757 0,800000 -1,000000 -101,000000 0,000000 0,000000
28 1673819758 0,800000 -1,000000 -101,000000 0,000000 0,000000
28 1673819759 0,800000 -1,000000 -101,000000 0,000000 0,000000
28 1673819760 0,800000 -1,000000 -101,000000 0,000000 0,000000
28 1673819761 0,800000 -1,000000 -101,000000 0,000000 0,000000
28 1673819762 1,800000 -1,000000 -101,000000 0,000000 0,000000
28 1673819763 1,800000 -1,000000 -101,000000 0,000000 0,000000
28 1673819764 1,800000 -1,000000 -101,000000 0,000000 0,000000
28 1673819765 1,800000 -1,000000 -101,000000 0,000000 0,000000
28 1673819766 1,800000 -1,000000 -101,000000 0,000000 0,000000
28 1673819767 3,400000 -1,000000 -101,000000 0,000000 0,000000
28 1673819768 3,400000 -1,000000 -101,000000 0,000000 0,000000
28 1673819769 3,400000 -1,000000 -101,000000 0,000000 0,000000
28 1673819770 3,400000 -1,000000 -101,000000 0,000000 0,000000
28 1673819771 3,400000 -1,000000 -101,000000 0,000000 0,000000
28 1673819772 3,600000 -1,000000 -101,000000 0,000000 0,000000
28 1673819773 3,600000 -1,000000 -101,000000 0,000000 0,000000
28 1673819774 3,600000 -1,000000 -101,000000 0,000000 0,000000
28 1673819775 3,600000 -1,000000 -101,000000 0,000000 0,000000
28 1673819776 3,600000 -1,000000 -101,000000 0,000000 0,000000
28 1673819777 4,400000 -1,000000 -101,000000 0,000000 0,000000
28 1673819778 4,400000 -1,000000 -101,000000 0,000000 0,000000
28 1673819779 4,400000 -1,000000 -101,000000 0,000000 0,000000
28 1673819780 4,400000 -1,000000 -101,000000 0,000000 0,000000
28 1673819781 4,400000 -1,000000 -101,000000 0,000000 0,000000
28 1673819782 8,200000 -1,000000 -101,000000 0,000000 0,000000
28 1673819783 8,200000 -1,000000 -101,000000 0,000000 0,000000
28 1673819784 8,200000 -1,000000 -101,000000 0,000000 0,000000
28 1673819785 8,200000 -1,000000 -101,000000 0,000000 0,000000
28 1673819786 8,200000 -1,000000 -101,000000 0,000000 0,000000
28 1673819787 0,800000 -1,000000 -101,000000 0,000000 0,000000
28 1673819788 0,800000 -1,000000 -101,000000 0,000000 0,000000
28 1673819789 0,800000 -1,000000 -101,000000 0,000000 0,000000
28 1673819790 0,800000 -1,000000 -101,000000 0,000000 0,000000
28 1673819791 0,800000 -1,000000 -101,000000 0,000000 0,000000
28 1673819792 2,400000 -1,000000 -101,000000 0,000000 0,000000
28 1673819793 2,400000 -1,000000 -101,000000 0,000000 0,000000
28 1673819794 2,400000 -1,000000 -101,000000 0,000000 0,000000
28 1673819795 2,400000 -1,000000 -101,000000 0,000000 0,000000
28 1673819796 2,400000 -1,000000 -101,000000 0,000000 0,000000
28 1673819797 4,000000 -1,000000 -101,000000 0,000000 0,000000
28 1673819798 4,000000 -1,000000 -101,000000 0,000000 0,000000
28 1673819799 4,000000 -1,000000 -101,000000 0,000000 0,000000
28 1673819800 4,000000 -1,000000 -101,000000 0,000000 0,000000
28 1673819801 4,000000 -1,000000 -101,000000 0,000000 0,000000
28 1673819802 1,600000 -1,000000 -101,000000 0,000000 0,000000
28 1673819803 1,600000 -1,000000 -101,000000 0,000000 0,000000
28 1673819804 1,600000 -1,000000 -101,000000 0,000000 0,000000
28 1673819805 1,600000 -1,000000 -101,000000 0,000000 0,000000
28 1673819806 1,600000 -1,000000 -101,000000 0,000000 0,000000
28 1673819807 0,600000 -1,000000 -101,000000 0,000000 0,000000
28 1673819808 0,600000 -1,000000 -101,000000 0,000000 0,000000
28 1673819809 0,600000 -1,000000 -101,000000 0,000000 0,000000
28 1673819810 0,600000 -1,000000 -101,000000 0,000000 0,000000
28 1673819811 0,600000 -1,000000 -101,000000 0,000000 0,000000
28 1673819812 3,400000 -1,000000 -101,000000 0,000000 0,000000
28 1673819813 3,400000 -1,000000 -101,000000 0,000000 0,000000
28 1673819814 3,400000 -1,000000 -101,000000 0,000000 0,000000
28 1673819815 3,400000 -1,000000 -101,000000 0,000000 0,000000
28 1673819816 3,400000 -1,000000 -101,000000 0,000000 0,000000
28 1673819817 6,000000 -1,000000 -101,000000 0,000000 0,000000
28 1673819818 6,000000 -1,000000 -101,000000 0,000000 0,000000
28 1673819819 6,000000 -1,000000 -101,000000 0,000000 0,000000
28 1673819820 6,000000 -1,000000 -101,000000 0,000000 0,000000
28 1673819821 6,000000 -1,000000 -101,000000 0,000000 0,000000
28 1673819822 3,000000 -1,000000 -101,000000 0,000000 0,000000
28 1673819823 3,000000 -1,000000 -101,000000 0,000000 0,000000
28 1673819824 3,000000 -1,000000 -101,000000 0,000000 0,000000
28 1673819825 3,000000 -1,000000 -101,000000 0,000000 0,000000
28 1673819826 3,000000 -1,000000 -101,000000 0,000000 0,000000
28 1673819827 3,000000 -1,000000 -101,000000 0,000000 0,000000
28 1673819828 3,000000 -1,000000 -101,000000 0,000000 0,000000
28 1673819829 3,000000 -1,000000 -101,000000 0,000000 0,000000
28 1673819830 3,000000 -1,000000 -101,000000 0,000000 0,000000
28 1673819831 3,000000 -1,000000 -101,000000 0,000000 0,000000
28 1673819832 4,400000 -1,000000 -101,000000 0,000000 0,000000
28 1673819833 4,400000 -1,000000 -101,000000 0,000000 0,000000
28 1673819834 4,400000 -1,000000 -101,000000 0,000000 0,000000
28 1673819835 4,400000 -1,000000 -101,000000 0,000000 0,000000
28 1673819836 4,400000 -1,000000 -101,000000 0,000000 0,000000
28 1673819837 7,600000 -1,000000 -101,000000 0,000000 0,000000
28 1673819838 7,600000 -1,000000 -101,000000 0,000000 0,000000
28 1673819839 7,600000 -1,000000 -101,000000 0,000000 0,000000
28 1673819840 7,600000 -1,000000 -101,000000 0,000000 0,000000
28 1673819841 7,600000 -1,000000 -101,000000 0,000000 0,000000
28 1673819842 7,000000 -1,000000 -101,000000 0,000000 0,000000
28 1673819843 7,000000 -1,000000 -101,000000 0,000000 0,000000
28 1673819844 7,000000 -1,000000 -101,000000 0,000000 0,000000
28 1673819845 7,000000 -1,000000 -101,000000 0,000000 0,000000
28 1673819846 7,000000 -1,000000 -101,000000 0,000000 0,000000
28 1673819847 5,000000 -1,000000 -101,000000 0,000000 0,000000
28 1673819848 5,000000 -1,000000 -101,000000 0,000000 0,000000
28 1673819849 5,000000 -1,000000 -101,000000 0,000000 0,000000
28 1673819850 5,000000 -1,000000 -101,000000 0,000000 0,000000
28 1673819851 5,000000 -1,000000 -101,000000 0,000000 0,000000
28 1673819852 6,000000 -1,000000 -101,000000 0,000000 0,000000
28 1673819853 6,000000 -1,000000 -101,000000 0,000000 0,000000
28 1673819854 6,000000 -1,000000 -101,000000 0,000000 0,000000
28 1673819855 6,000000 -1,000000 -101,000000 0,000000 0,000000
28 1673819856 6,000000 -1,000000 -101,000000 0,000000 0,000000
28 1673819857 3,000000 -1,000000 -101,000000 0,000000 0,000000
28 1673819858 3,000000 -1,000000 -101,000000 0,000000 0,000000
28 1673819859 3,000000 -1,000000 -101,000000 0,000000 0,000000
28 1673819860 3,000000 -1,000000 -101,000000 0,000000 0,000000
28 1673819861 3,000000 -1,000000 -101,000000 0,000000 0,000000
28 1673819862 1,200000 -1,000000 -101,000000 0,000000 0,000000
28 1673819863 1,200000 -1,000000 -101,000000 0,000000 0,000000
28 1673819864 1,200000 -1,000000 -101,000000 0,000000 0,000000
28 1673819865 1,200000 -1,000000 -101,000000 0,000000 0,000000
28 1673819866 1,200000 -1,000000 -101,000000 0,000000 0,000000
28 1673819867 2,400000 -1,000000 -101,000000 0,000000 0,000000
28 1673819868 2,400000 -1,000000 -101,000000 0,000000 0,000000
28 1673819869 2,400000 -1,000000 -101,000000 0,000000 0,000000
28 1673819870 2,400000 -1,000000 -101,000000 0,000000 0,000000
28 1673819871 2,400000 -1,000000 -101,000000 0,000000 0,000000
28 1673819872 1,000000 -1,000000 -101,000000 0,000000 0,000000
28 1673819873 1,000000 -1,000000 -101,000000 0,000000 0,000000
28 1673819874 1,000000 -1,000000 -101,000000 0,000000 0,000000
28 1673819875 1,000000 -1,000000 -101,000000 0,000000 0,000000
28 1673819876 1,000000 -1,000000 -101,000000 0,000000 0,000000
28 1673819877 0,200000 -1,000000 -101,000000 0,000000 0,000000
28 1673819878 0,200000 -1,000000 -101,000000 0,000000 0,000000
28 1673819879 0,200000 -1,000000 -101,000000 0,000000 0,000000
28 1673819880 0,200000 -1,000000 -101,000000 0,000000 0,000000
28 1673819881 0,200000 -1,000000 -101,000000 0,000000 0,000000
28 1673819882 2,800000 -1,000000 -101,000000 0,000000 0,000000
28 1673819883 2,800000 -1,000000 -101,000000 0,000000 0,000000
28 1673819884 2,800000 -1,000000 -101,000000 0,000000 0,000000
28 1673819885 2,800000 -1,000000 -101,000000 0,000000 0,000000
28 1673819886 2,800000 -1,000000 -101,000000 0,000000 0,000000
28 1673819887 3,400000 -1,000000 -101,000000 0,000000 0,000000
28 1673819888 3,400000 -1,000000 -101,000000 0,000000 0,000000
28 1673819889 3,400000 -1,000000 -101,000000 0,000000 0,000000
28 1673819890 3,400000 -1,000000 -101,000000 0,000000 0,000000
28 1673819891 3,400000 -1,000000 -101,000000 0,000000 0,000000
28 1673819892 3,200000 -1,000000 -101,000000 0,000000 0,000000
28 1673819893 3,200000 -1,000000 -101,000000 0,000000 0,000000
28 1673819894 3,200000 -1,000000 -101,000000 0,000000 0,000000
28 1673819895 3,200000 -1,000000 -101,000000 0,000000 0,000000
28 1673819896 3,200000 -1,000000 -101,000000 0,000000 0,000000
28 1673819897 4,400000 -1,000000 -101,000000 0,000000 0,000000
28 1673819898 4,400000 -1,000000 -101,000000 0,000000 0,000000
28 1673819899 4,400000 -1,000000 -101,000000 0,000000 0,000000
28 1673819900 4,400000 -1,000000 -101,000000 0,000000 0,000000
28 1673819901 4,400000 -1,000000 -101,000000 0,000000 0,000000
28 1673819902 7,000000 -1,000000 -101,000000 0,000000 0,000000
28 1673819903 7,000000 -1,000000 -101,000000 0,000000 0,000000
28 1673819904 7,000000 -1,000000 -101,000000 0,000000 0,000000
28 1673819905 7,000000 -1,000000 -101,000000 0,000000 0,000000
28 1673819906 7,000000 -1,000000 -101,000000 0,000000 0,000000
28 1673819907 4,000000 -1,000000 -101,000000 0,000000 0,000000
28 1673819908 4,000000 -1,000000 -101,000000 0,000000 0,000000
28 1673819909 4,000000 -1,000000 -101,000000 0,000000 0,000000
28 1673819910 4,000000 -1,000000 -101,000000 0,000000 0,000000
28 1673819911 4,000000 -1,000000 -101,000000 0,000000 0,000000
28 1673819912 4,400000 -1,000000 -101,000000 0,000000 0,000000
28 1673819913 4,400000 -1,000000 -101,000000 0,000000 0,000000
28 1673819914 4,400000 -1,000000 -101,000000 0,000000 0,000000
28 1673819915 4,400000 -1,000000 -101,000000 0,000000 0,000000
28 1673819916 4,400000 -1,000000 -101,000000 0,000000 0,000000
28 1673819917 1,400000 -1,000000 -101,000000 0,000000 0,000000
28 1673819918 1,400000 -1,000000 -101,000000 0,000000 0,000000
28 1673819919 1,400000 -1,000000 -101,000000 0,000000 0,000000
28 1673819920 1,400000 -1,000000 -101,000000 0,000000 0,000000
28 1673819921 1,400000 -1,000000 -101,000000 0,000000 0,000000
28 1673819922 3,600000 -1,000000 -101,000000 0,000000 0,000000
28 1673819923 3,600000 -1,000000 -101,000000 0,000000 0,000000
28 1673819924 3,600000 -1,000000 -101,000000 0,000000 0,000000
28 1673819925 3,600000 -1,000000 -101,000000 0,000000 0,000000
28 1673819926 3,600000 -1,000000 -101,000000 0,000000 0,000000
28 1673819927 9,600000 -1,000000 -101,000000 0,000000 0,000000
28 1673819928 9,600000 -1,000000 -101,000000 0,000000 0,000000
