14 1673818487 1,000000 -1,000000 -101,000000 0,000000 0,000000
14 1673818488 1,000000 -1,000000 -101,000000 0,000000 0,000000
14 1673818489 1,000000 -1,000000 -101,000000 0,000000 0,000000
14 1673818487 0,200000 -1,000000 0,200000 0,200000 0,008000
14 1673818488 0,200000 -1,000000 0,200000 0,200000 0,008000
14 1673818489 0,200000 -1,000000 0,200000 0,200000 0,008000
14 1673818490 1,200000 -1,000000 -101,000000 0,000000 0,000000
14 1673818491 1,200000 -1,000000 -101,000000 0,000000 0,000000
14 1673818492 0,200000 -1,000000 -101,000000 0,000000 0,000000
14 1673818493 0,200000 -1,000000 -101,000000 0,000000 0,000000
14 1673818494 0,200000 -1,000000 -101,000000 0,000000 0,000000
14 1673818495 0,200000 -1,000000 -101,000000 0,000000 0,000000
14 1673818496 0,200000 -1,000000 -101,000000 0,000000 0,000000
14 1673818497 0,200000 -1,000000 -101,000000 0,000000 0,000000
14 1673818498 0,200000 -1,000000 -101,000000 0,000000 0,000000
14 1673818499 0,200000 -1,000000 -101,000000 0,000000 0,000000
14 1673818500 0,200000 -1,000000 -101,000000 0,000000 0,000000
14 1673818501 0,200000 -1,000000 -101,000000 0,000000 0,000000
14 1673818502 0,200000 -1,000000 -101,000000 0,000000 0,000000
14 1673818503 0,200000 -1,000000 -101,000000 0,000000 0,000000
14 1673818504 0,200000 -1,000000 -101,000000 0,000000 0,000000
14 1673818487 0,200000 -1,000000 0,200000 0,200000 0,008000
14 1673818488 0,200000 -1,000000 0,200000 0,200000 0,008000
14 1673818489 0,200000 -1,000000 0,200000 0,200000 0,008000
14 1673818490 0,200000 -1,000000 0,200000 0,200000 0,008000
14 1673818491 0,200000 -1,000000 0,200000 0,200000 0,008000
14 1673818505 0,200000 -1,000000 -101,000000 0,000000 0,000000
14 1673818506 0,200000 -1,000000 -101,000000 0,000000 0,000000
14 1673818507 0,400000 -1,000000 -101,000000 0,000000 0,000000
14 1673818508 0,400000 -1,000000 -101,000000 0,000000 0,000000
14 1673818509 0,400000 -1,000000 -101,000000 0,000000 0,000000
14 1673818510 0,400000 -1,000000 -101,000000 0,000000 0,000000
14 1673818511 0,400000 -1,000000 -101,000000 0,000000 0,000000
14 1673818512 0,800000 -1,000000 -101,000000 0,000000 0,000000
14 1673818513 0,800000 -1,000000 -101,000000 0,000000 0,000000
14 1673818514 0,800000 -1,000000 -101,000000 0,000000 0,000000
14 1673818515 0,800000 -1,000000 -101,000000 0,000000 0,000000
14 1673818516 0,800000 -1,000000 -101,000000 0,000000 0,000000
14 1673818517 0,400000 -1,000000 -101,000000 0,000000 0,000000
14 1673818518 0,400000 -1,000000 -101,000000 0,000000 0,000000
14 1673818519 0,400000 -1,000000 -101,000000 0,000000 0,000000
14 1673818487 0,200000 -1,000000 0,200000 0,200000 0,008000
14 1673818488 0,200000 -1,000000 0,200000 0,200000 0,008000
14 1673818489 0,200000 -1,000000 0,200000 0,200000 0,008000
14 1673818490 0,200000 -1,000000 0,200000 0,200000 0,008000
14 1673818491 0,200000 -1,000000 0,200000 0,200000 0,008000
14 1673818520 0,400000 -1,000000 -101,000000 0,000000 0,000000
14 1673818521 0,400000 -1,000000 -101,000000 0,000000 0,000000
14 1673818522 0,400000 -1,000000 -101,000000 0,000000 0,000000
14 1673818523 0,400000 -1,000000 -101,000000 0,000000 0,000000
14 1673818524 0,400000 -1,000000 -101,000000 0,000000 0,000000
14 1673818525 0,400000 -1,000000 -101,000000 0,000000 0,000000
14 1673818526 0,400000 -1,000000 -101,000000 0,000000 0,000000
14 1673818527 0,800000 -1,000000 -101,000000 0,000000 0,000000
14 1673818528 0,800000 -1,000000 -101,000000 0,000000 0,000000
14 1673818529 0,800000 -1,000000 -101,000000 0,000000 0,000000
14 1673818530 0,800000 -1,000000 -101,000000 0,000000 0,000000
14 1673818531 0,800000 -1,000000 -101,000000 0,000000 0,000000
14 1673818532 0,400000 -1,000000 -101,000000 0,000000 0,000000
14 1673818533 0,400000 -1,000000 -101,000000 0,000000 0,000000
14 1673818534 0,400000 -1,000000 -101,000000 0,000000 0,000000
14 1673818487 0,200000 -1,000000 0,200000 0,200000 0,008000
14 1673818488 0,200000 -1,000000 0,200000 0,200000 0,008000
14 1673818489 0,200000 -1,000000 0,200000 0,200000 0,008000
14 1673818490 0,200000 -1,000000 0,200000 0,200000 0,008000
14 1673818491 0,200000 -1,000000 0,200000 0,200000 0,008000
14 1673818535 0,400000 -1,000000 -101,000000 0,000000 0,000000
14 1673818536 0,400000 -1,000000 -101,000000 0,000000 0,000000
14 1673818537 0,800000 -1,000000 -101,000000 0,000000 0,000000
14 1673818538 0,800000 -1,000000 -101,000000 0,000000 0,000000
14 1673818539 0,800000 -1,000000 -101,000000 0,000000 0,000000
14 1673818540 0,800000 -1,000000 -101,000000 0,000000 0,000000
14 1673818541 0,800000 -1,000000 -101,000000 0,000000 0,000000
14 1673818542 0,200000 -1,000000 -101,000000 0,000000 0,000000
14 1673818543 0,200000 -1,000000 -101,000000 0,000000 0,000000
14 1673818544 0,200000 -1,000000 -101,000000 0,000000 0,000000
14 1673818545 0,200000 -1,000000 -101,000000 0,000000 0,000000
14 1673818546 0,200000 -1,000000 -101,000000 0,000000 0,000000
14 1673818547 0,200000 -1,000000 -101,000000 0,000000 0,000000
14 1673818548 0,200000 -1,000000 -101,000000 0,000000 0,000000
14 1673818549 0,200000 -1,000000 -101,000000 0,000000 0,000000
14 1673818487 0,200000 -1,000000 0,200000 0,200000 0,008000
14 1673818488 0,200000 -1,000000 0,200000 0,200000 0,008000
14 1673818489 0,200000 -1,000000 0,200000 0,200000 0,008000
14 1673818490 0,200000 -1,000000 0,200000 0,200000 0,008000
14 1673818491 0,200000 -1,000000 0,200000 0,200000 0,008000
14 1673818550 0,200000 -1,000000 -101,000000 0,000000 0,000000
14 1673818551 0,200000 -1,000000 -101,000000 0,000000 0,000000
14 1673818552 0,600000 -1,000000 -101,000000 0,000000 0,000000
14 1673818553 0,600000 -1,000000 -101,000000 0,000000 0,000000
14 1673818554 0,600000 -1,000000 -101,000000 0,000000 0,000000
14 1673818555 0,600000 -1,000000 -101,000000 0,000000 0,000000
14 1673818556 0,600000 -1,000000 -101,000000 0,000000 0,000000
14 1673818557 1,000000 -1,000000 -101,000000 0,000000 0,000000
14 1673818558 1,000000 -1,000000 -101,000000 0,000000 0,000000
14 1673818559 1,000000 -1,000000 -101,000000 0,000000 0,000000
14 1673818560 1,000000 -1,000000 -101,000000 0,000000 0,000000
14 1673818561 1,000000 -1,000000 -101,000000 0,000000 0,000000
14 1673818562 1,000000 -1,000000 -101,000000 0,000000 0,000000
14 1673818563 1,000000 -1,000000 -101,000000 0,000000 0,000000
14 1673818564 1,000000 -1,000000 -101,000000 0,000000 0,000000
14 1673818487 0,200000 -1,000000 0,200000 0,200000 0,008000
14 1673818488 0,200000 -1,000000 0,200000 0,200000 0,008000
14 1673818489 0,200000 -1,000000 0,200000 0,200000 0,008000
14 1673818490 0,200000 -1,000000 0,200000 0,200000 0,008000
14 1673818491 0,200000 -1,000000 0,200000 0,200000 0,008000
14 1673818565 1,000000 -1,000000 -101,000000 0,000000 0,000000
14 1673818566 1,000000 -1,000000 -101,000000 0,000000 0,000000
14 1673818567 0,200000 -1,000000 -101,000000 0,000000 0,000000
14 1673818568 0,200000 -1,000000 -101,000000 0,000000 0,000000
14 1673818569 0,200000 -1,000000 -101,000000 0,000000 0,000000
14 1673818570 0,200000 -1,000000 -101,000000 0,000000 0,000000
14 1673818571 0,200000 -1,000000 -101,000000 0,000000 0,000000
14 1673818572 0,400000 -1,000000 -101,000000 0,000000 0,000000
14 1673818573 0,400000 -1,000000 -101,000000 0,000000 0,000000
14 1673818574 0,400000 -1,000000 -101,000000 0,000000 0,000000
14 1673818575 0,400000 -1,000000 -101,000000 0,000000 0,000000
14 1673818576 0,400000 -1,000000 -101,000000 0,000000 0,000000
14 1673818577 0,400000 -1,000000 -101,000000 0,000000 0,000000
14 1673818578 0,400000 -1,000000 -101,000000 0,000000 0,000000
14 1673818579 0,400000 -1,000000 -101,000000 0,000000 0,000000
14 1673818580 0,400000 -1,000000 -101,000000 0,000000 0,000000
14 1673818581 0,400000 -1,000000 -101,000000 0,000000 0,000000
14 1673818582 0,800000 -1,000000 -101,000000 0,000000 0,000000
14 1673818583 0,800000 -1,000000 -101,000000 0,000000 0,000000
14 1673818584 0,800000 -1,000000 -101,000000 0,000000 0,000000
14 1673818585 0,800000 -1,000000 -101,000000 0,000000 0,000000
14 1673818586 0,800000 -1,000000 -101,000000 0,000000 0,000000
14 1673818587 0,800000 -1,000000 -101,000000 0,000000 0,000000
14 1673818588 0,800000 -1,000000 -101,000000 0,000000 0,000000
14 1673818589 0,800000 -1,000000 -101,000000 0,000000 0,000000
14 1673818590 0,800000 -1,000000 -101,000000 0,000000 0,000000
14 1673818591 0,800000 -1,000000 -101,000000 0,000000 0,000000
14 1673818592 2,000000 -1,000000 -101,000000 0,000000 0,000000
14 1673818593 2,000000 -1,000000 -101,000000 0,000000 0,000000
14 1673818594 2,000000 -1,000000 -101,000000 0,000000 0,000000
14 1673818595 2,000000 -1,000000 -101,000000 0,000000 0,000000
14 1673818596 2,000000 -1,000000 -101,000000 0,000000 0,000000
14 1673818597 1,400000 -1,000000 -101,000000 0,000000 0,000000
14 1673818598 1,400000 -1,000000 -101,000000 0,000000 0,000000
14 1673818599 1,400000 -1,000000 -101,000000 0,000000 0,000000
14 1673818600 1,400000 -1,000000 -101,000000 0,000000 0,000000
14 1673818601 1,400000 -1,000000 -101,000000 0,000000 0,000000
14 1673818602 1,000000 -1,000000 -101,000000 0,000000 0,000000
14 1673818603 1,000000 -1,000000 -101,000000 0,000000 0,000000
14 1673818604 1,000000 -1,000000 -101,000000 0,000000 0,000000
14 1673818605 1,000000 -1,000000 -101,000000 0,000000 0,000000
14 1673818606 1,000000 -1,000000 -101,000000 0,000000 0,000000
14 1673818607 1,200000 -1,000000 -101,000000 0,000000 0,000000
14 1673818608 1,200000 -1,000000 -101,000000 0,000000 0,000000
14 1673818609 1,200000 -1,000000 -101,000000 0,000000 0,000000
14 1673818610 1,200000 -1,000000 -101,000000 0,000000 0,000000
14 1673818611 1,200000 -1,000000 -101,000000 0,000000 0,000000
14 1673818612 1,800000 -1,000000 -101,000000 0,000000 0,000000
14 1673818613 1,800000 -1,000000 -101,000000 0,000000 0,000000
14 1673818614 1,800000 -1,000000 -101,000000 0,000000 0,000000
14 1673818615 1,800000 -1,000000 -101,000000 0,000000 0,000000
14 1673818616 1,800000 -1,000000 -101,000000 0,000000 0,000000
14 1673818617 0,800000 -1,000000 -101,000000 0,000000 0,000000
14 1673818618 0,800000 -1,000000 -101,000000 0,000000 0,000000
14 1673818619 0,800000 -1,000000 -101,000000 0,000000 0,000000
14 1673818620 0,800000 -1,000000 -101,000000 0,000000 0,000000
14 1673818621 0,800000 -1,000000 -101,000000 0,000000 0,000000
14 1673818622 1,000000 -1,000000 -101,000000 0,000000 0,000000
14 1673818623 1,000000 -1,000000 -101,000000 0,000000 0,000000
14 1673818624 1,000000 -1,000000 -101,000000 0,000000 0,000000
14 1673818625 1,000000 -1,000000 -101,000000 0,000000 0,000000
14 1673818626 1,000000 -1,000000 -101,000000 0,000000 0,000000
14 1673818627 1,400000 -1,000000 -101,000000 0,000000 0,000000
14 1673818628 1,400000 -1,000000 -101,000000 0,000000 0,000000
14 1673818629 1,400000 -1,000000 -101,000000 0,000000 0,000000
14 1673818630 1,400000 -1,000000 -101,000000 0,000000 0,000000
14 1673818631 1,400000 -1,000000 -101,000000 0,000000 0,000000
14 1673818632 0,800000 -1,000000 -101,000000 0,000000 0,000000
14 1673818633 0,800000 -1,000000 -101,000000 0,000000 0,000000
14 1673818634 0,800000 -1,000000 -101,000000 0,000000 0,000000
14 1673818635 0,800000 -1,000000 -101,000000 0,000000 0,000000
14 1673818636 0,800000 -1,000000 -101,000000 0,000000 0,000000
14 1673818637 0,800000 -1,000000 -101,000000 0,000000 0,000000
14 1673818638 0,800000 -1,000000 -101,000000 0,000000 0,000000
14 1673818639 0,800000 -1,000000 -101,000000 0,000000 0,000000
14 1673818640 0,800000 -1,000000 -101,000000 0,000000 0,000000
14 1673818641 0,800000 -1,000000 -101,000000 0,000000 0,000000
14 1673818642 1,000000 -1,000000 -101,000000 0,000000 0,000000
14 1673818643 1,000000 -1,000000 -101,000000 0,000000 0,000000
14 1673818644 1,000000 -1,000000 -101,000000 0,000000 0,000000
14 1673818645 1,000000 -1,000000 -101,000000 0,000000 0,000000
14 1673818646 1,000000 -1,000000 -101,000000 0,000000 0,000000
14 1673818647 1,800000 -1,000000 -101,000000 0,000000 0,000000
14 1673818648 1,800000 -1,000000 -101,000000 0,000000 0,000000
14 1673818649 1,800000 -1,000000 -101,000000 0,000000 0,000000
14 1673818650 1,800000 -1,000000 -101,000000 0,000000 0,000000
14 1673818651 1,800000 -1,000000 -101,000000 0,000000 0,000000
14 1673818652 1,400000 -1,000000 -101,000000 0,000000 0,000000
14 1673818653 1,400000 -1,000000 -101,000000 0,000000 0,000000
14 1673818654 1,400000 -1,000000 -101,000000 0,000000 0,000000
14 1673818655 1,400000 -1,000000 -101,000000 0,000000 0,000000
14 1673818656 1,400000 -1,000000 -101,000000 0,000000 0,000000
14 1673818657 0,600000 -1,000000 -101,000000 0,000000 0,000000
14 1673818658 0,600000 -1,000000 -101,000000 0,000000 0,000000
14 1673818659 0,600000 -1,000000 -101,000000 0,000000 0,000000
14 1673818660 0,600000 -1,000000 -101,000000 0,000000 0,000000
14 1673818661 0,600000 -1,000000 -101,000000 0,000000 0,000000
14 1673818662 1,200000 -1,000000 -101,000000 0,000000 0,000000
14 1673818663 1,200000 -1,000000 -101,000000 0,000000 0,000000
14 1673818664 1,200000 -1,000000 -101,000000 0,000000 0,000000
14 1673818665 1,200000 -1,000000 -101,000000 0,000000 0,000000
14 1673818666 1,200000 -1,000000 -101,000000 0,000000 0,000000
14 1673818667 1,200000 -1,000000 -101,000000 0,000000 0,000000
14 1673818668 1,200000 -1,000000 -101,000000 0,000000 0,000000
14 1673818669 1,200000 -1,000000 -101,000000 0,000000 0,000000
14 1673818670 1,200000 -1,000000 -101,000000 0,000000 0,000000
14 1673818671 1,200000 -1,000000 -101,000000 0,000000 0,000000
14 1673818672 1,200000 -1,000000 -101,000000 0,000000 0,000000
14 1673818673 1,200000 -1,000000 -101,000000 0,000000 0,000000
14 1673818674 1,200000 -1,000000 -101,000000 0,000000 0,000000
14 1673818675 1,200000 -1,000000 -101,000000 0,000000 0,000000
14 1673818676 1,200000 -1,000000 -101,000000 0,000000 0,000000
14 1673818677 0,600000 -1,000000 -101,000000 0,000000 0,000000
14 1673818678 0,600000 -1,000000 -101,000000 0,000000 0,000000
14 1673818679 0,600000 -1,000000 -101,000000 0,000000 0,000000
14 1673818680 0,600000 -1,000000 -101,000000 0,000000 0,000000
14 1673818681 0,600000 -1,000000 -101,000000 0,000000 0,000000
14 1673818682 0,800000 -1,000000 -101,000000 0,000000 0,000000
14 1673818683 0,800000 -1,000000 -101,000000 0,000000 0,000000
14 1673818684 0,800000 -1,000000 -101,000000 0,000000 0,000000
14 1673818685 0,800000 -1,000000 -101,000000 0,000000 0,000000
14 1673818686 0,800000 -1,000000 -101,000000 0,000000 0,000000
14 1673818687 1,200000 -1,000000 -101,000000 0,000000 0,000000
14 1673818688 1,200000 -1,000000 -101,000000 0,000000 0,000000
14 1673818689 1,200000 -1,000000 -101,000000 0,000000 0,000000
14 1673818690 1,200000 -1,000000 -101,000000 0,000000 0,000000
14 1673818691 1,200000 -1,000000 -101,000000 0,000000 0,000000
14 1673818692 1,000000 -1,000000 -101,000000 0,000000 0,000000
14 1673818693 1,000000 -1,000000 -101,000000 0,000000 0,000000
14 1673818694 1,000000 -1,000000 -101,000000 0,000000 0,000000
14 1673818695 1,000000 -1,000000 -101,000000 0,000000 0,000000
14 1673818696 1,000000 -1,000000 -101,000000 0,000000 0,000000
14 1673818697 1,600000 -1,000000 -101,000000 0,000000 0,000000
14 1673818698 1,600000 -1,000000 -101,000000 0,000000 0,000000
14 1673818699 1,600000 -1,000000 -101,000000 0,000000 0,000000
14 1673818700 1,600000 -1,000000 -101,000000 0,000000 0,000000
14 1673818701 1,600000 -1,000000 -101,000000 0,000000 0,000000
14 1673818702 1,800000 -1,000000 -101,000000 0,000000 0,000000
14 1673818703 1,800000 -1,000000 -101,000000 0,000000 0,000000
14 1673818704 1,800000 -1,000000 -101,000000 0,000000 0,000000
14 1673818705 1,800000 -1,000000 -101,000000 0,000000 0,000000
14 1673818706 1,800000 -1,000000 -101,000000 0,000000 0,000000
14 1673818707 1,000000 -1,000000 -101,000000 0,000000 0,000000
14 1673818708 1,000000 -1,000000 -101,000000 0,000000 0,000000
14 1673818709 1,000000 -1,000000 -101,000000 0,000000 0,000000
14 1673818710 1,000000 -1,000000 -101,000000 0,000000 0,000000
14 1673818711 1,000000 -1,000000 -101,000000 0,000000 0,000000
14 1673818712 1,800000 -1,000000 -101,000000 0,000000 0,000000
14 1673818713 1,800000 -1,000000 -101,000000 0,000000 0,000000
14 1673818714 1,800000 -1,000000 -101,000000 0,000000 0,000000
14 1673818715 1,800000 -1,000000 -101,000000 0,000000 0,000000
14 1673818716 1,800000 -1,000000 -101,000000 0,000000 0,000000
14 1673818717 1,000000 -1,000000 -101,000000 0,000000 0,000000
14 1673818718 1,000000 -1,000000 -101,000000 0,000000 0,000000
14 1673818719 1,000000 -1,000000 -101,000000 0,000000 0,000000
14 1673818720 1,000000 -1,000000 -101,000000 0,000000 0,000000
14 1673818721 1,000000 -1,000000 -101,000000 0,000000 0,000000
14 1673818722 0,400000 -1,000000 -101,000000 0,000000 0,000000
14 1673818723 0,400000 -1,000000 -101,000000 0,000000 0,000000
14 1673818724 0,400000 -1,000000 -101,000000 0,000000 0,000000
14 1673818725 0,400000 -1,000000 -101,000000 0,000000 0,000000
14 1673818726 0,400000 -1,000000 -101,000000 0,000000 0,000000
14 1673818727 1,000000 -1,000000 -101,000000 0,000000 0,000000
14 1673818728 1,000000 -1,000000 -101,000000 0,000000 0,000000
14 1673818729 1,000000 -1,000000 -101,000000 0,000000 0,000000
14 1673818730 1,000000 -1,000000 -101,000000 0,000000 0,000000
14 1673818731 1,000000 -1,000000 -101,000000 0,000000 0,000000
14 1673818732 1,400000 -1,000000 -101,000000 0,000000 0,000000
14 1673818733 1,400000 -1,000000 -101,000000 0,000000 0,000000
14 1673818734 1,400000 -1,000000 -101,000000 0,000000 0,000000
14 1673818735 1,400000 -1,000000 -101,000000 0,000000 0,000000
14 1673818736 1,400000 -1,000000 -101,000000 0,000000 0,000000
14 1673818737 2,000000 -1,000000 -101,000000 0,000000 0,000000
14 1673818738 2,000000 -1,000000 -101,000000 0,000000 0,000000
14 1673818739 2,000000 -1,000000 -101,000000 0,000000 0,000000
14 1673818740 2,000000 -1,000000 -101,000000 0,000000 0,000000
14 1673818741 2,000000 -1,000000 -101,000000 0,000000 0,000000
14 1673818742 1,000000 -1,000000 -101,000000 0,000000 0,000000
14 1673818743 1,000000 -1,000000 -101,000000 0,000000 0,000000
14 1673818744 1,000000 -1,000000 -101,000000 0,000000 0,000000
14 1673818745 1,000000 -1,000000 -101,000000 0,000000 0,000000
14 1673818746 1,000000 -1,000000 -101,000000 0,000000 0,000000
14 1673818747 1,400000 -1,000000 -101,000000 0,000000 0,000000
14 1673818748 1,400000 -1,000000 -101,000000 0,000000 0,000000
14 1673818749 1,400000 -1,000000 -101,000000 0,000000 0,000000
14 1673818750 1,400000 -1,000000 -101,000000 0,000000 0,000000
14 1673818751 1,400000 -1,000000 -101,000000 0,000000 0,000000
14 1673818752 0,600000 -1,000000 -101,000000 0,000000 0,000000
14 1673818753 0,600000 -1,000000 -101,000000 0,000000 0,000000
14 1673818754 0,600000 -1,000000 -101,000000 0,000000 0,000000
14 1673818755 0,600000 -1,000000 -101,000000 0,000000 0,000000
14 1673818756 0,600000 -1,000000 -101,000000 0,000000 0,000000
14 1673818757 1,000000 -1,000000 -101,000000 0,000000 0,000000
14 1673818758 1,000000 -1,000000 -101,000000 0,000000 0,000000
14 1673818759 1,000000 -1,000000 -101,000000 0,000000 0,000000
14 1673818760 1,000000 -1,000000 -101,000000 0,000000 0,000000
14 1673818761 1,000000 -1,000000 -101,000000 0,000000 0,000000
14 1673818762 1,200000 -1,000000 -101,000000 0,000000 0,000000
14 1673818763 1,200000 -1,000000 -101,000000 0,000000 0,000000
14 1673818764 1,200000 -1,000000 -101,000000 0,000000 0,000000
14 1673818765 1,200000 -1,000000 -101,000000 0,000000 0,000000
14 1673818766 1,200000 -1,000000 -101,000000 0,000000 0,000000
14 1673818767 0,800000 -1,000000 -101,000000 0,000000 0,000000
14 1673818768 0,800000 -1,000000 -101,000000 0,000000 0,000000
14 1673818769 0,800000 -1,000000 -101,000000 0,000000 0,000000
14 1673818770 0,800000 -1,000000 -101,000000 0,000000 0,000000
14 1673818771 0,800000 -1,000000 -101,000000 0,000000 0,000000
14 1673818772 1,600000 -1,000000 -101,000000 0,000000 0,000000
14 1673818773 1,600000 -1,000000 -101,000000 0,000000 0,000000
14 1673818774 1,600000 -1,000000 -101,000000 0,000000 0,000000
14 1673818775 1,600000 -1,000000 -101,000000 0,000000 0,000000
14 1673818776 1,600000 -1,000000 -101,000000 0,000000 0,000000
14 1673818777 0,400000 -1,000000 -101,000000 0,000000 0,000000
14 1673818778 0,400000 -1,000000 -101,000000 0,000000 0,000000
14 1673818779 0,400000 -1,000000 -101,000000 0,000000 0,000000
14 1673818780 0,400000 -1,000000 -101,000000 0,000000 0,000000
14 1673818781 0,400000 -1,000000 -101,000000 0,000000 0,000000
14 1673818782 0,800000 -1,000000 -101,000000 0,000000 0,000000
14 1673818783 0,800000 -1,000000 -101,000000 0,000000 0,000000
14 1673818784 0,800000 -1,000000 -101,000000 0,000000 0,000000
14 1673818785 0,800000 -1,000000 -101,000000 0,000000 0,000000
14 1673818786 0,800000 -1,000000 -101,000000 0,000000 0,000000
14 1673818787 0,800000 -1,000000 -101,000000 0,000000 0,000000
14 1673818788 0,800000 -1,000000 -101,000000 0,000000 0,000000
14 1673818789 0,800000 -1,000000 -101,000000 0,000000 0,000000
14 1673818790 0,800000 -1,000000 -101,000000 0,000000 0,000000
14 1673818791 0,800000 -1,000000 -101,000000 0,000000 0,000000
14 1673818792 1,400000 -1,000000 -101,000000 0,000000 0,000000
14 1673818793 1,400000 -1,000000 -101,000000 0,000000 0,000000
14 1673818794 1,400000 -1,000000 -101,000000 0,000000 0,000000
14 1673818795 1,400000 -1,000000 -101,000000 0,000000 0,000000
14 1673818796 1,400000 -1,000000 -101,000000 0,000000 0,000000
14 1673818797 1,800000 -1,000000 -101,000000 0,000000 0,000000
14 1673818798 1,800000 -1,000000 -101,000000 0,000000 0,000000
14 1673818799 1,800000 -1,000000 -101,000000 0,000000 0,000000
14 1673818800 1,800000 -1,000000 -101,000000 0,000000 0,000000
14 1673818801 1,800000 -1,000000 -101,000000 0,000000 0,000000
14 1673818802 1,000000 -1,000000 -101,000000 0,000000 0,000000
14 1673818803 1,000000 -1,000000 -101,000000 0,000000 0,000000
14 1673818804 1,000000 -1,000000 -101,000000 0,000000 0,000000
14 1673818805 1,000000 -1,000000 -101,000000 0,000000 0,000000
14 1673818806 1,000000 -1,000000 -101,000000 0,000000 0,000000
14 1673818807 1,400000 -1,000000 -101,000000 0,000000 0,000000
14 1673818808 1,400000 -1,000000 -101,000000 0,000000 0,000000
14 1673818809 1,400000 -1,000000 -101,000000 0,000000 0,000000
14 1673818810 1,400000 -1,000000 -101,000000 0,000000 0,000000
14 1673818811 1,400000 -1,000000 -101,000000 0,000000 0,000000
14 1673818812 1,200000 -1,000000 -101,000000 0,000000 0,000000
14 1673818813 1,200000 -1,000000 -101,000000 0,000000 0,000000
14 1673818814 1,200000 -1,000000 -101,000000 0,000000 0,000000
14 1673818815 1,200000 -1,000000 -101,000000 0,000000 0,000000
14 1673818816 1,200000 -1,000000 -101,000000 0,000000 0,000000
14 1673818817 2,800000 -1,000000 -101,000000 0,000000 0,000000
14 1673818818 2,800000 -1,000000 -101,000000 0,000000 0,000000
14 1673818819 2,800000 -1,000000 -101,000000 0,000000 0,000000
14 1673818820 2,800000 -1,000000 -101,000000 0,000000 0,000000
14 1673818821 2,800000 -1,000000 -101,000000 0,000000 0,000000
14 1673818822 1,000000 -1,000000 -101,000000 0,000000 0,000000
14 1673818823 1,000000 -1,000000 -101,000000 0,000000 0,000000
14 1673818824 1,000000 -1,000000 -101,000000 0,000000 0,000000
14 1673818825 1,000000 -1,000000 -101,000000 0,000000 0,000000
14 1673818826 1,000000 -1,000000 -101,000000 0,000000 0,000000
14 1673818827 0,600000 -1,000000 -101,000000 0,000000 0,000000
14 1673818828 0,600000 -1,000000 -101,000000 0,000000 0,000000
14 1673818829 0,600000 -1,000000 -101,000000 0,000000 0,000000
14 1673818830 0,600000 -1,000000 -101,000000 0,000000 0,000000
14 1673818831 0,600000 -1,000000 -101,000000 0,000000 0,000000
14 1673818832 0,400000 -1,000000 -101,000000 0,000000 0,000000
14 1673818833 0,400000 -1,000000 -101,000000 0,000000 0,000000
14 1673818834 0,400000 -1,000000 -101,000000 0,000000 0,000000
14 1673818835 0,400000 -1,000000 -101,000000 0,000000 0,000000
14 1673818836 0,400000 -1,000000 -101,000000 0,000000 0,000000
14 1673818837 1,200000 -1,000000 -101,000000 0,000000 0,000000
14 1673818838 1,200000 -1,000000 -101,000000 0,000000 0,000000
14 1673818839 1,200000 -1,000000 -101,000000 0,000000 0,000000
14 1673818840 1,200000 -1,000000 -101,000000 0,000000 0,000000
14 1673818841 1,200000 -1,000000 -101,000000 0,000000 0,000000
14 1673818842 0,600000 -1,000000 -101,000000 0,000000 0,000000
14 1673818843 0,600000 -1,000000 -101,000000 0,000000 0,000000
14 1673818844 0,600000 -1,000000 -101,000000 0,000000 0,000000
14 1673818845 0,600000 -1,000000 -101,000000 0,000000 0,000000
14 1673818846 0,600000 -1,000000 -101,000000 0,000000 0,000000
14 1673818847 1,400000 -1,000000 -101,000000 0,000000 0,000000
14 1673818848 1,400000 -1,000000 -101,000000 0,000000 0,000000
14 1673818849 1,400000 -1,000000 -101,000000 0,000000 0,000000
14 1673818850 1,400000 -1,000000 -101,000000 0,000000 0,000000
14 1673818851 1,400000 -1,000000 -101,000000 0,000000 0,000000
14 1673818852 0,200000 -1,000000 -101,000000 0,000000 0,000000
14 1673818853 0,200000 -1,000000 -101,000000 0,000000 0,000000
14 1673818854 0,200000 -1,000000 -101,000000 0,000000 0,000000
14 1673818855 0,200000 -1,000000 -101,000000 0,000000 0,000000
14 1673818856 0,200000 -1,000000 -101,000000 0,000000 0,000000
14 1673818862 0,400000 -1,000000 -101,000000 0,000000 0,000000
14 1673818863 0,400000 -1,000000 -101,000000 0,000000 0,000000
14 1673818864 0,400000 -1,000000 -101,000000 0,000000 0,000000
14 1673818865 0,400000 -1,000000 -101,000000 0,000000 0,000000
14 1673818866 0,400000 -1,000000 -101,000000 0,000000 0,000000
14 1673818867 1,000000 -1,000000 -101,000000 0,000000 0,000000
14 1673818868 1,000000 -1,000000 -101,000000 0,000000 0,000000
14 1673818869 1,000000 -1,000000 -101,000000 0,000000 0,000000
14 1673818870 1,000000 -1,000000 -101,000000 0,000000 0,000000
14 1673818871 1,000000 -1,000000 -101,000000 0,000000 0,000000
14 1673818872 1,200000 -1,000000 -101,000000 0,000000 0,000000
14 1673818873 1,200000 -1,000000 -101,000000 0,000000 0,000000
14 1673818874 1,200000 -1,000000 -101,000000 0,000000 0,000000
14 1673818875 1,200000 -1,000000 -101,000000 0,000000 0,000000
14 1673818876 1,200000 -1,000000 -101,000000 0,000000 0,000000
14 1673818877 1,400000 -1,000000 -101,000000 0,000000 0,000000
14 1673818878 1,400000 -1,000000 -101,000000 0,000000 0,000000
14 1673818879 1,400000 -1,000000 -101,000000 0,000000 0,000000
14 1673818880 1,400000 -1,000000 -101,000000 0,000000 0,000000
14 1673818881 1,400000 -1,000000 -101,000000 0,000000 0,000000
14 1673818882 2,000000 -1,000000 -101,000000 0,000000 0,000000
14 1673818883 2,000000 -1,000000 -101,000000 0,000000 0,000000
14 1673818884 2,000000 -1,000000 -101,000000 0,000000 0,000000
14 1673818885 2,000000 -1,000000 -101,000000 0,000000 0,000000
14 1673818886 2,000000 -1,000000 -101,000000 0,000000 0,000000
14 1673818887 1,800000 -1,000000 -101,000000 0,000000 0,000000
14 1673818888 1,800000 -1,000000 -101,000000 0,000000 0,000000
14 1673818889 1,800000 -1,000000 -101,000000 0,000000 0,000000
14 1673818890 1,800000 -1,000000 -101,000000 0,000000 0,000000
14 1673818891 1,800000 -1,000000 -101,000000 0,000000 0,000000
14 1673818892 2,200000 -1,000000 -101,000000 0,000000 0,000000
14 1673818893 2,200000 -1,000000 -101,000000 0,000000 0,000000
14 1673818894 2,200000 -1,000000 -101,000000 0,000000 0,000000
14 1673818895 2,200000 -1,000000 -101,000000 0,000000 0,000000
14 1673818896 2,200000 -1,000000 -101,000000 0,000000 0,000000
14 1673818897 1,200000 -1,000000 -101,000000 0,000000 0,000000
14 1673818898 1,200000 -1,000000 -101,000000 0,000000 0,000000
14 1673818899 1,200000 -1,000000 -101,000000 0,000000 0,000000
14 1673818900 1,200000 -1,000000 -101,000000 0,000000 0,000000
14 1673818901 1,200000 -1,000000 -101,000000 0,000000 0,000000
14 1673818902 2,000000 -1,000000 -101,000000 0,000000 0,000000
14 1673818903 2,000000 -1,000000 -101,000000 0,000000 0,000000
14 1673818904 2,000000 -1,000000 -101,000000 0,000000 0,000000
14 1673818905 2,000000 -1,000000 -101,000000 0,000000 0,000000
14 1673818906 2,000000 -1,000000 -101,000000 0,000000 0,000000
14 1673818907 1,600000 -1,000000 -101,000000 0,000000 0,000000
14 1673818908 1,600000 -1,000000 -101,000000 0,000000 0,000000
14 1673818909 1,600000 -1,000000 -101,000000 0,000000 0,000000
14 1673818910 1,600000 -1,000000 -101,000000 0,000000 0,000000
14 1673818911 1,600000 -1,000000 -101,000000 0,000000 0,000000
14 1673818912 1,000000 -1,000000 -101,000000 0,000000 0,000000
14 1673818913 1,000000 -1,000000 -101,000000 0,000000 0,000000
14 1673818914 1,000000 -1,000000 -101,000000 0,000000 0,000000
14 1673818915 1,000000 -1,000000 -101,000000 0,000000 0,000000
14 1673818916 1,000000 -1,000000 -101,000000 0,000000 0,000000
14 1673818917 1,400000 -1,000000 -101,000000 0,000000 0,000000
14 1673818918 1,400000 -1,000000 -101,000000 0,000000 0,000000
14 1673818919 1,400000 -1,000000 -101,000000 0,000000 0,000000
14 1673818920 1,400000 -1,000000 -101,000000 0,000000 0,000000
14 1673818921 1,400000 -1,000000 -101,000000 0,000000 0,000000
14 1673818922 0,200000 -1,000000 -101,000000 0,000000 0,000000
14 1673818923 0,200000 -1,000000 -101,000000 0,000000 0,000000
14 1673818924 0,200000 -1,000000 -101,000000 0,000000 0,000000
14 1673818925 0,200000 -1,000000 -101,000000 0,000000 0,000000
14 1673818926 0,200000 -1,000000 -101,000000 0,000000 0,000000
14 1673818927 0,400000 -1,000000 -101,000000 0,000000 0,000000
14 1673818928 0,400000 -1,000000 -101,000000 0,000000 0,000000
14 1673818929 0,400000 -1,000000 -101,000000 0,000000 0,000000
14 1673818930 0,400000 -1,000000 -101,000000 0,000000 0,000000
14 1673818931 0,400000 -1,000000 -101,000000 0,000000 0,000000
14 1673818932 0,400000 -1,000000 -101,000000 0,000000 0,000000
14 1673818933 0,400000 -1,000000 -101,000000 0,000000 0,000000
14 1673818934 0,400000 -1,000000 -101,000000 0,000000 0,000000
14 1673818935 0,400000 -1,000000 -101,000000 0,000000 0,000000
14 1673818936 0,400000 -1,000000 -101,000000 0,000000 0,000000
14 1673818937 0,400000 -1,000000 -101,000000 0,000000 0,000000
14 1673818938 0,400000 -1,000000 -101,000000 0,000000 0,000000
14 1673818939 0,400000 -1,000000 -101,000000 0,000000 0,000000
14 1673818940 0,400000 -1,000000 -101,000000 0,000000 0,000000
14 1673818941 0,400000 -1,000000 -101,000000 0,000000 0,000000
14 1673818942 0,600000 -1,000000 -101,000000 0,000000 0,000000
14 1673818943 0,600000 -1,000000 -101,000000 0,000000 0,000000
14 1673818944 0,600000 -1,000000 -101,000000 0,000000 0,000000
14 1673818945 0,600000 -1,000000 -101,000000 0,000000 0,000000
14 1673818946 0,600000 -1,000000 -101,000000 0,000000 0,000000
14 1673818947 1,000000 -1,000000 -101,000000 0,000000 0,000000
14 1673818948 1,000000 -1,000000 -101,000000 0,000000 0,000000
14 1673818949 1,000000 -1,000000 -101,000000 0,000000 0,000000
14 1673818950 1,000000 -1,000000 -101,000000 0,000000 0,000000
14 1673818951 1,000000 -1,000000 -101,000000 0,000000 0,000000
14 1673818952 1,400000 -1,000000 -101,000000 0,000000 0,000000
14 1673818953 1,400000 -1,000000 -101,000000 0,000000 0,000000
14 1673818954 1,400000 -1,000000 -101,000000 0,000000 0,000000
14 1673818955 1,400000 -1,000000 -101,000000 0,000000 0,000000
14 1673818956 1,400000 -1,000000 -101,000000 0,000000 0,000000
14 1673818957 0,800000 -1,000000 -101,000000 0,000000 0,000000
14 1673818958 0,800000 -1,000000 -101,000000 0,000000 0,000000
14 1673818959 0,800000 -1,000000 -101,000000 0,000000 0,000000
14 1673818960 0,800000 -1,000000 -101,000000 0,000000 0,000000
14 1673818961 0,800000 -1,000000 -101,000000 0,000000 0,000000
14 1673818962 1,400000 -1,000000 -101,000000 0,000000 0,000000
14 1673818963 1,400000 -1,000000 -101,000000 0,000000 0,000000
14 1673818964 1,400000 -1,000000 -101,000000 0,000000 0,000000
14 1673818965 1,400000 -1,000000 -101,000000 0,000000 0,000000
14 1673818966 1,400000 -1,000000 -101,000000 0,000000 0,000000
14 1673818967 2,600000 -1,000000 -101,000000 0,000000 0,000000
14 1673818968 2,600000 -1,000000 -101,000000 0,000000 0,000000
14 1673818969 2,600000 -1,000000 -101,000000 0,000000 0,000000
14 1673818970 2,600000 -1,000000 -101,000000 0,000000 0,000000
14 1673818971 2,600000 -1,000000 -101,000000 0,000000 0,000000
14 1673818972 1,400000 -1,000000 -101,000000 0,000000 0,000000
14 1673818973 1,400000 -1,000000 -101,000000 0,000000 0,000000
14 1673818974 1,400000 -1,000000 -101,000000 0,000000 0,000000
14 1673818975 1,400000 -1,000000 -101,000000 0,000000 0,000000
14 1673818976 1,400000 -1,000000 -101,000000 0,000000 0,000000
14 1673818977 1,200000 -1,000000 -101,000000 0,000000 0,000000
14 1673818978 1,200000 -1,000000 -101,000000 0,000000 0,000000
14 1673818979 1,200000 -1,000000 -101,000000 0,000000 0,000000
14 1673818980 1,200000 -1,000000 -101,000000 0,000000 0,000000
14 1673818981 1,200000 -1,000000 -101,000000 0,000000 0,000000
14 1673818982 2,200000 -1,000000 -101,000000 0,000000 0,000000
14 1673818983 2,200000 -1,000000 -101,000000 0,000000 0,000000
14 1673818984 2,200000 -1,000000 -101,000000 0,000000 0,000000
14 1673818985 2,200000 -1,000000 -101,000000 0,000000 0,000000
14 1673818986 2,200000 -1,000000 -101,000000 0,000000 0,000000
14 1673818987 2,200000 -1,000000 -101,000000 0,000000 0,000000
14 1673818988 2,200000 -1,000000 -101,000000 0,000000 0,000000
14 1673818989 2,200000 -1,000000 -101,000000 0,000000 0,000000
14 1673818990 2,200000 -1,000000 -101,000000 0,000000 0,000000
14 1673818991 2,200000 -1,000000 -101,000000 0,000000 0,000000
14 1673818992 1,000000 -1,000000 -101,000000 0,000000 0,000000
14 1673818993 1,000000 -1,000000 -101,000000 0,000000 0,000000
14 1673818994 1,000000 -1,000000 -101,000000 0,000000 0,000000
14 1673818995 1,000000 -1,000000 -101,000000 0,000000 0,000000
14 1673818996 1,000000 -1,000000 -101,000000 0,000000 0,000000
14 1673818997 0,600000 -1,000000 -101,000000 0,000000 0,000000
14 1673818998 0,600000 -1,000000 -101,000000 0,000000 0,000000
14 1673818999 0,600000 -1,000000 -101,000000 0,000000 0,000000
14 1673819000 0,600000 -1,000000 -101,000000 0,000000 0,000000
14 1673819001 0,600000 -1,000000 -101,000000 0,000000 0,000000
14 1673819002 0,600000 -1,000000 -101,000000 0,000000 0,000000
14 1673819003 0,600000 -1,000000 -101,000000 0,000000 0,000000
14 1673819004 0,600000 -1,000000 -101,000000 0,000000 0,000000
14 1673819005 0,600000 -1,000000 -101,000000 0,000000 0,000000
14 1673819006 0,600000 -1,000000 -101,000000 0,000000 0,000000
14 1673819007 0,200000 -1,000000 -101,000000 0,000000 0,000000
14 1673819008 0,200000 -1,000000 -101,000000 0,000000 0,000000
14 1673819009 0,200000 -1,000000 -101,000000 0,000000 0,000000
14 1673819010 0,200000 -1,000000 -101,000000 0,000000 0,000000
14 1673819011 0,200000 -1,000000 -101,000000 0,000000 0,000000
14 1673819012 0,400000 -1,000000 -101,000000 0,000000 0,000000
14 1673819013 0,400000 -1,000000 -101,000000 0,000000 0,000000
14 1673819014 0,400000 -1,000000 -101,000000 0,000000 0,000000
14 1673819015 0,400000 -1,000000 -101,000000 0,000000 0,000000
14 1673819016 0,400000 -1,000000 -101,000000 0,000000 0,000000
14 1673819017 1,200000 -1,000000 -101,000000 0,000000 0,000000
14 1673819018 1,200000 -1,000000 -101,000000 0,000000 0,000000
14 1673819019 1,200000 -1,000000 -101,000000 0,000000 0,000000
14 1673819081 1,800000 -1,000000 1,800000 1,800000 0,648000
14 1673819080 1,800000 -1,000000 1,800000 1,800000 0,648000
14 1673819079 1,800000 -1,000000 1,800000 1,800000 0,648000
14 1673819078 1,800000 -1,000000 1,800000 1,800000 0,648000
14 1673819077 1,800000 -1,000000 1,800000 1,800000 0,648000
14 1673819076 2,400000 -1,000000 2,400000 2,400000 1,152000
14 1673819075 2,400000 -1,000000 2,400000 2,400000 1,152000
14 1673819074 2,400000 -1,000000 2,400000 2,400000 1,152000
14 1673819073 2,400000 -1,000000 2,400000 2,400000 1,152000
14 1673819072 2,400000 -1,000000 2,400000 2,400000 1,152000
14 1673819071 1,200000 -1,000000 1,200000 1,200000 0,288000
14 1673819070 1,200000 -1,000000 1,200000 1,200000 0,288000
14 1673819069 1,200000 -1,000000 1,200000 1,200000 0,288000
14 1673819068 1,200000 -1,000000 1,200000 1,200000 0,288000
14 1673819067 1,200000 -1,000000 1,200000 1,200000 0,288000
14 1673819066 1,200000 -1,000000 1,200000 1,200000 0,288000
14 1673819065 1,200000 -1,000000 1,200000 1,200000 0,288000
14 1673819064 1,200000 -1,000000 1,200000 1,200000 0,288000
14 1673819063 1,200000 -1,000000 1,200000 1,200000 0,288000
14 1673819062 1,200000 -1,000000 1,200000 1,200000 0,288000
14 1673819061 1,400000 -1,000000 1,400000 1,400000 0,392000
14 1673819060 1,400000 -1,000000 1,400000 1,400000 0,392000
14 1673819059 1,400000 -1,000000 1,400000 1,400000 0,392000
14 1673819058 1,400000 -1,000000 1,400000 1,400000 0,392000
14 1673819057 1,400000 -1,000000 1,400000 1,400000 0,392000
14 1673819056 1,000000 -1,000000 1,000000 1,000000 0,200000
14 1673819055 1,000000 -1,000000 1,000000 1,000000 0,200000
14 1673819054 1,000000 -1,000000 1,000000 1,000000 0,200000
14 1673819053 1,000000 -1,000000 1,000000 1,000000 0,200000
14 1673819052 1,000000 -1,000000 1,000000 1,000000 0,200000
14 1673819051 0,800000 -1,000000 0,800000 0,800000 0,128000
14 1673819050 0,800000 -1,000000 0,800000 0,800000 0,128000
14 1673819049 0,800000 -1,000000 0,800000 0,800000 0,128000
14 1673819048 0,800000 -1,000000 0,800000 0,800000 0,128000
14 1673819047 0,800000 -1,000000 0,800000 0,800000 0,128000
14 1673819046 1,200000 -1,000000 1,200000 1,200000 0,288000
14 1673819045 1,200000 -1,000000 1,200000 1,200000 0,288000
14 1673819044 1,200000 -1,000000 1,200000 1,200000 0,288000
14 1673819043 1,200000 -1,000000 1,200000 1,200000 0,288000
14 1673819042 1,200000 -1,000000 1,200000 1,200000 0,288000
14 1673819041 1,000000 -1,000000 1,000000 1,000000 0,200000
14 1673819040 1,000000 -1,000000 1,000000 1,000000 0,200000
14 1673819039 1,000000 -1,000000 1,000000 1,000000 0,200000
14 1673819038 1,000000 -1,000000 1,000000 1,000000 0,200000
14 1673819037 1,000000 -1,000000 1,000000 1,000000 0,200000
14 1673819036 1,200000 -1,000000 1,200000 1,200000 0,288000
14 1673819035 1,200000 -1,000000 1,200000 1,200000 0,288000
14 1673819034 1,200000 -1,000000 1,200000 1,200000 0,288000
14 1673819033 1,200000 -1,000000 1,200000 1,200000 0,288000
14 1673819032 1,200000 -1,000000 1,200000 1,200000 0,288000
14 1673819031 1,400000 -1,000000 1,400000 1,400000 0,392000
14 1673819030 1,400000 -1,000000 1,400000 1,400000 0,392000
14 1673819029 1,400000 -1,000000 1,400000 1,400000 0,392000
14 1673819028 1,400000 -1,000000 1,400000 1,400000 0,392000
14 1673819027 1,400000 -1,000000 1,400000 1,400000 0,392000
14 1673819026 1,000000 -1,000000 1,000000 1,000000 0,200000
14 1673819025 1,000000 -1,000000 1,000000 1,000000 0,200000
14 1673819024 1,000000 -1,000000 1,000000 1,000000 0,200000
14 1673819023 1,000000 -1,000000 1,000000 1,000000 0,200000
14 1673819022 1,000000 -1,000000 1,000000 1,000000 0,200000
14 1673819021 1,200000 -1,000000 1,200000 1,200000 0,288000
14 1673819020 1,200000 -1,000000 1,200000 1,200000 0,288000
14 1673819020 1,200000 -1,000000 -101,000000 0,000000 0,000000
14 1673819021 1,200000 -1,000000 -101,000000 0,000000 0,000000
14 1673819022 1,000000 -1,000000 -101,000000 0,000000 0,000000
14 1673819023 1,000000 -1,000000 -101,000000 0,000000 0,000000
14 1673819024 1,000000 -1,000000 -101,000000 0,000000 0,000000
14 1673819025 1,000000 -1,000000 -101,000000 0,000000 0,000000
14 1673819026 1,000000 -1,000000 -101,000000 0,000000 0,000000
14 1673819027 1,400000 -1,000000 -101,000000 0,000000 0,000000
14 1673819028 1,400000 -1,000000 -101,000000 0,000000 0,000000
14 1673819029 1,400000 -1,000000 -101,000000 0,000000 0,000000
14 1673819030 1,400000 -1,000000 -101,000000 0,000000 0,000000
14 1673819031 1,400000 -1,000000 -101,000000 0,000000 0,000000
14 1673819032 1,200000 -1,000000 -101,000000 0,000000 0,000000
14 1673819033 1,200000 -1,000000 -101,000000 0,000000 0,000000
14 1673819034 1,200000 -1,000000 -101,000000 0,000000 0,000000
14 1673819035 1,200000 -1,000000 -101,000000 0,000000 0,000000
14 1673819036 1,200000 -1,000000 -101,000000 0,000000 0,000000
14 1673819037 1,000000 -1,000000 -101,000000 0,000000 0,000000
14 1673819038 1,000000 -1,000000 -101,000000 0,000000 0,000000
14 1673819039 1,000000 -1,000000 -101,000000 0,000000 0,000000
14 1673819040 1,000000 -1,000000 -101,000000 0,000000 0,000000
14 1673819041 1,000000 -1,000000 -101,000000 0,000000 0,000000
14 1673819042 1,200000 -1,000000 -101,000000 0,000000 0,000000
14 1673819043 1,200000 -1,000000 -101,000000 0,000000 0,000000
14 1673819044 1,200000 -1,000000 -101,000000 0,000000 0,000000
14 1673819045 1,200000 -1,000000 -101,000000 0,000000 0,000000
14 1673819046 1,200000 -1,000000 -101,000000 0,000000 0,000000
14 1673819047 0,800000 -1,000000 -101,000000 0,000000 0,000000
14 1673819048 0,800000 -1,000000 -101,000000 0,000000 0,000000
14 1673819049 0,800000 -1,000000 -101,000000 0,000000 0,000000
14 1673819050 0,800000 -1,000000 -101,000000 0,000000 0,000000
14 1673819051 0,800000 -1,000000 -101,000000 0,000000 0,000000
14 1673819052 1,000000 -1,000000 -101,000000 0,000000 0,000000
14 1673819053 1,000000 -1,000000 -101,000000 0,000000 0,000000
14 1673819054 1,000000 -1,000000 -101,000000 0,000000 0,000000
14 1673819055 1,000000 -1,000000 -101,000000 0,000000 0,000000
14 1673819056 1,000000 -1,000000 -101,000000 0,000000 0,000000
14 1673819057 1,400000 -1,000000 -101,000000 0,000000 0,000000
14 1673819058 1,400000 -1,000000 -101,000000 0,000000 0,000000
14 1673819059 1,400000 -1,000000 -101,000000 0,000000 0,000000
14 1673819060 1,400000 -1,000000 -101,000000 0,000000 0,000000
14 1673819061 1,400000 -1,000000 -101,000000 0,000000 0,000000
14 1673819062 1,200000 -1,000000 -101,000000 0,000000 0,000000
14 1673819063 1,200000 -1,000000 -101,000000 0,000000 0,000000
14 1673819064 1,200000 -1,000000 -101,000000 0,000000 0,000000
14 1673819065 1,200000 -1,000000 -101,000000 0,000000 0,000000
14 1673819066 1,200000 -1,000000 -101,000000 0,000000 0,000000
14 1673819067 1,200000 -1,000000 -101,000000 0,000000 0,000000
14 1673819068 1,200000 -1,000000 -101,000000 0,000000 0,000000
14 1673819069 1,200000 -1,000000 -101,000000 0,000000 0,000000
14 1673819070 1,200000 -1,000000 -101,000000 0,000000 0,000000
14 1673819071 1,200000 -1,000000 -101,000000 0,000000 0,000000
14 1673819072 2,400000 -1,000000 -101,000000 0,000000 0,000000
14 1673819073 2,400000 -1,000000 -101,000000 0,000000 0,000000
14 1673819074 2,400000 -1,000000 -101,000000 0,000000 0,000000
14 1673819075 2,400000 -1,000000 -101,000000 0,000000 0,000000
14 1673819076 2,400000 -1,000000 -101,000000 0,000000 0,000000
14 1673819077 1,800000 -1,000000 -101,000000 0,000000 0,000000
14 1673819078 1,800000 -1,000000 -101,000000 0,000000 0,000000
14 1673819079 1,800000 -1,000000 -101,000000 0,000000 0,000000
14 1673819080 1,800000 -1,000000 -101,000000 0,000000 0,000000
14 1673819081 1,800000 -1,000000 -101,000000 0,000000 0,000000
14 1673819082 1,200000 -1,000000 -101,000000 0,000000 0,000000
14 1673819083 1,200000 -1,000000 -101,000000 0,000000 0,000000
14 1673819084 1,200000 -1,000000 -101,000000 0,000000 0,000000
14 1673819085 1,200000 -1,000000 -101,000000 0,000000 0,000000
14 1673819086 1,200000 -1,000000 -101,000000 0,000000 0,000000
14 1673819087 0,600000 -1,000000 -101,000000 0,000000 0,000000
14 1673819088 0,600000 -1,000000 -101,000000 0,000000 0,000000
14 1673819089 0,600000 -1,000000 -101,000000 0,000000 0,000000
14 1673819090 0,600000 -1,000000 -101,000000 0,000000 0,000000
14 1673819091 0,600000 -1,000000 -101,000000 0,000000 0,000000
14 1673819092 1,200000 -1,000000 -101,000000 0,000000 0,000000
14 1673819093 1,200000 -1,000000 -101,000000 0,000000 0,000000
14 1673819094 1,200000 -1,000000 -101,000000 0,000000 0,000000
14 1673819095 1,200000 -1,000000 -101,000000 0,000000 0,000000
14 1673819096 1,200000 -1,000000 -101,000000 0,000000 0,000000
14 1673819097 1,200000 -1,000000 -101,000000 0,000000 0,000000
14 1673819098 1,200000 -1,000000 -101,000000 0,000000 0,000000
14 1673819099 1,200000 -1,000000 -101,000000 0,000000 0,000000
14 1673819100 1,200000 -1,000000 -101,000000 0,000000 0,000000
14 1673819101 1,200000 -1,000000 -101,000000 0,000000 0,000000
14 1673819102 1,000000 -1,000000 -101,000000 0,000000 0,000000
14 1673819103 1,000000 -1,000000 -101,000000 0,000000 0,000000
14 1673819104 1,000000 -1,000000 -101,000000 0,000000 0,000000
14 1673819105 1,000000 -1,000000 -101,000000 0,000000 0,000000
14 1673819106 1,000000 -1,000000 -101,000000 0,000000 0,000000
14 1673819107 0,600000 -1,000000 -101,000000 0,000000 0,000000
14 1673819108 0,600000 -1,000000 -101,000000 0,000000 0,000000
14 1673819109 0,600000 -1,000000 -101,000000 0,000000 0,000000
14 1673819110 0,600000 -1,000000 -101,000000 0,000000 0,000000
14 1673819111 0,600000 -1,000000 -101,000000 0,000000 0,000000
14 1673819112 0,400000 -1,000000 -101,000000 0,000000 0,000000
14 1673819113 0,400000 -1,000000 -101,000000 0,000000 0,000000
14 1673819114 0,400000 -1,000000 -101,000000 0,000000 0,000000
14 1673819115 0,400000 -1,000000 -101,000000 0,000000 0,000000
14 1673819116 0,400000 -1,000000 -101,000000 0,000000 0,000000
14 1673819117 1,200000 -1,000000 -101,000000 0,000000 0,000000
14 1673819118 1,200000 -1,000000 -101,000000 0,000000 0,000000
14 1673819119 1,200000 -1,000000 -101,000000 0,000000 0,000000
14 1673819120 1,200000 -1,000000 -101,000000 0,000000 0,000000
14 1673819121 1,200000 -1,000000 -101,000000 0,000000 0,000000
14 1673819122 1,400000 -1,000000 -101,000000 0,000000 0,000000
14 1673819123 1,400000 -1,000000 -101,000000 0,000000 0,000000
14 1673819124 1,400000 -1,000000 -101,000000 0,000000 0,000000
14 1673819125 1,400000 -1,000000 -101,000000 0,000000 0,000000
14 1673819126 1,400000 -1,000000 -101,000000 0,000000 0,000000
14 1673819127 1,600000 -1,000000 -101,000000 0,000000 0,000000
14 1673819128 1,600000 -1,000000 -101,000000 0,000000 0,000000
14 1673819129 1,600000 -1,000000 -101,000000 0,000000 0,000000
14 1673819130 1,600000 -1,000000 -101,000000 0,000000 0,000000
14 1673819131 1,600000 -1,000000 -101,000000 0,000000 0,000000
14 1673819132 1,400000 -1,000000 -101,000000 0,000000 0,000000
14 1673819133 1,400000 -1,000000 -101,000000 0,000000 0,000000
14 1673819134 1,400000 -1,000000 -101,000000 0,000000 0,000000
14 1673819135 1,400000 -1,000000 -101,000000 0,000000 0,000000
14 1673819136 1,400000 -1,000000 -101,000000 0,000000 0,000000
14 1673819137 0,800000 -1,000000 -101,000000 0,000000 0,000000
14 1673819138 0,800000 -1,000000 -101,000000 0,000000 0,000000
14 1673819139 0,800000 -1,000000 -101,000000 0,000000 0,000000
14 1673819140 0,800000 -1,000000 -101,000000 0,000000 0,000000
14 1673819141 0,800000 -1,000000 -101,000000 0,000000 0,000000
14 1673819142 0,600000 -1,000000 -101,000000 0,000000 0,000000
14 1673819143 0,600000 -1,000000 -101,000000 0,000000 0,000000
14 1673819144 0,600000 -1,000000 -101,000000 0,000000 0,000000
14 1673819145 0,600000 -1,000000 -101,000000 0,000000 0,000000
14 1673819146 0,600000 -1,000000 -101,000000 0,000000 0,000000
14 1673819147 0,800000 -1,000000 -101,000000 0,000000 0,000000
14 1673819148 0,800000 -1,000000 -101,000000 0,000000 0,000000
14 1673819149 0,800000 -1,000000 -101,000000 0,000000 0,000000
14 1673819150 0,800000 -1,000000 -101,000000 0,000000 0,000000
14 1673819151 0,800000 -1,000000 -101,000000 0,000000 0,000000
14 1673819152 1,000000 -1,000000 -101,000000 0,000000 0,000000
14 1673819153 1,000000 -1,000000 -101,000000 0,000000 0,000000
14 1673819154 1,000000 -1,000000 -101,000000 0,000000 0,000000
14 1673819155 1,000000 -1,000000 -101,000000 0,000000 0,000000
14 1673819156 1,000000 -1,000000 -101,000000 0,000000 0,000000
14 1673819157 2,000000 -1,000000 -101,000000 0,000000 0,000000
14 1673819158 2,000000 -1,000000 -101,000000 0,000000 0,000000
14 1673819159 2,000000 -1,000000 -101,000000 0,000000 0,000000
14 1673819160 2,000000 -1,000000 -101,000000 0,000000 0,000000
14 1673819161 2,000000 -1,000000 -101,000000 0,000000 0,000000
14 1673819162 1,200000 -1,000000 -101,000000 0,000000 0,000000
14 1673819163 1,200000 -1,000000 -101,000000 0,000000 0,000000
14 1673819164 1,200000 -1,000000 -101,000000 0,000000 0,000000
14 1673819165 1,200000 -1,000000 -101,000000 0,000000 0,000000
14 1673819166 1,200000 -1,000000 -101,000000 0,000000 0,000000
14 1673819167 2,000000 -1,000000 -101,000000 0,000000 0,000000
14 1673819168 2,000000 -1,000000 -101,000000 0,000000 0,000000
14 1673819169 2,000000 -1,000000 -101,000000 0,000000 0,000000
14 1673819170 2,000000 -1,000000 -101,000000 0,000000 0,000000
14 1673819171 2,000000 -1,000000 -101,000000 0,000000 0,000000
14 1673819172 1,800000 -1,000000 -101,000000 0,000000 0,000000
14 1673819173 1,800000 -1,000000 -101,000000 0,000000 0,000000
14 1673819174 1,800000 -1,000000 -101,000000 0,000000 0,000000
14 1673819175 1,800000 -1,000000 -101,000000 0,000000 0,000000
14 1673819176 1,800000 -1,000000 -101,000000 0,000000 0,000000
14 1673819177 1,000000 -1,000000 -101,000000 0,000000 0,000000
14 1673819178 1,000000 -1,000000 -101,000000 0,000000 0,000000
14 1673819179 1,000000 -1,000000 -101,000000 0,000000 0,000000
14 1673819180 1,000000 -1,000000 -101,000000 0,000000 0,000000
14 1673819181 1,000000 -1,000000 -101,000000 0,000000 0,000000
14 1673819182 0,800000 -1,000000 -101,000000 0,000000 0,000000
14 1673819183 0,800000 -1,000000 -101,000000 0,000000 0,000000
14 1673819184 0,800000 -1,000000 -101,000000 0,000000 0,000000
14 1673819185 0,800000 -1,000000 -101,000000 0,000000 0,000000
14 1673819186 0,800000 -1,000000 -101,000000 0,000000 0,000000
14 1673819187 1,000000 -1,000000 -101,000000 0,000000 0,000000
14 1673819188 1,000000 -1,000000 -101,000000 0,000000 0,000000
14 1673819189 1,000000 -1,000000 -101,000000 0,000000 0,000000
14 1673819190 1,000000 -1,000000 -101,000000 0,000000 0,000000
14 1673819191 1,000000 -1,000000 -101,000000 0,000000 0,000000
14 1673819192 0,800000 -1,000000 -101,000000 0,000000 0,000000
14 1673819193 0,800000 -1,000000 -101,000000 0,000000 0,000000
14 1673819194 0,800000 -1,000000 -101,000000 0,000000 0,000000
14 1673819195 0,800000 -1,000000 -101,000000 0,000000 0,000000
14 1673819196 0,800000 -1,000000 -101,000000 0,000000 0,000000
14 1673819197 0,800000 -1,000000 -101,000000 0,000000 0,000000
14 1673819198 0,800000 -1,000000 -101,000000 0,000000 0,000000
14 1673819199 0,800000 -1,000000 -101,000000 0,000000 0,000000
14 1673819200 0,800000 -1,000000 -101,000000 0,000000 0,000000
14 1673819201 0,800000 -1,000000 -101,000000 0,000000 0,000000
14 1673819202 1,400000 -1,000000 -101,000000 0,000000 0,000000
14 1673819203 1,400000 -1,000000 -101,000000 0,000000 0,000000
14 1673819204 1,400000 -1,000000 -101,000000 0,000000 0,000000
14 1673819205 1,400000 -1,000000 -101,000000 0,000000 0,000000
14 1673819206 1,400000 -1,000000 -101,000000 0,000000 0,000000
14 1673819207 1,000000 -1,000000 -101,000000 0,000000 0,000000
14 1673819208 1,000000 -1,000000 -101,000000 0,000000 0,000000
14 1673819209 1,000000 -1,000000 -101,000000 0,000000 0,000000
14 1673819210 1,000000 -1,000000 -101,000000 0,000000 0,000000
14 1673819211 1,000000 -1,000000 -101,000000 0,000000 0,000000
14 1673819212 0,600000 -1,000000 -101,000000 0,000000 0,000000
14 1673819213 0,600000 -1,000000 -101,000000 0,000000 0,000000
14 1673819214 0,600000 -1,000000 -101,000000 0,000000 0,000000
14 1673819215 0,600000 -1,000000 -101,000000 0,000000 0,000000
14 1673819216 0,600000 -1,000000 -101,000000 0,000000 0,000000
14 1673819217 1,000000 -1,000000 -101,000000 0,000000 0,000000
14 1673819218 1,000000 -1,000000 -101,000000 0,000000 0,000000
14 1673819219 1,000000 -1,000000 -101,000000 0,000000 0,000000
14 1673819220 1,000000 -1,000000 -101,000000 0,000000 0,000000
14 1673819221 1,000000 -1,000000 -101,000000 0,000000 0,000000
14 1673819222 1,800000 -1,000000 -101,000000 0,000000 0,000000
14 1673819223 1,800000 -1,000000 -101,000000 0,000000 0,000000
14 1673819224 1,800000 -1,000000 -101,000000 0,000000 0,000000
14 1673819225 1,800000 -1,000000 -101,000000 0,000000 0,000000
14 1673819226 1,800000 -1,000000 -101,000000 0,000000 0,000000
14 1673819227 0,600000 -1,000000 -101,000000 0,000000 0,000000
14 1673819228 0,600000 -1,000000 -101,000000 0,000000 0,000000
14 1673819229 0,600000 -1,000000 -101,000000 0,000000 0,000000
14 1673819230 0,600000 -1,000000 -101,000000 0,000000 0,000000
14 1673819231 0,600000 -1,000000 -101,000000 0,000000 0,000000
14 1673819232 1,200000 -1,000000 -101,000000 0,000000 0,000000
14 1673819233 1,200000 -1,000000 -101,000000 0,000000 0,000000
14 1673819234 1,200000 -1,000000 -101,000000 0,000000 0,000000
14 1673819235 1,200000 -1,000000 -101,000000 0,000000 0,000000
14 1673819236 1,200000 -1,000000 -101,000000 0,000000 0,000000
14 1673819237 0,800000 -1,000000 -101,000000 0,000000 0,000000
14 1673819238 0,800000 -1,000000 -101,000000 0,000000 0,000000
14 1673819239 0,800000 -1,000000 -101,000000 0,000000 0,000000
14 1673819240 0,800000 -1,000000 -101,000000 0,000000 0,000000
14 1673819241 0,800000 -1,000000 -101,000000 0,000000 0,000000
14 1673819242 1,800000 -1,000000 -101,000000 0,000000 0,000000
14 1673819243 1,800000 -1,000000 -101,000000 0,000000 0,000000
14 1673819244 1,800000 -1,000000 -101,000000 0,000000 0,000000
14 1673819245 1,800000 -1,000000 -101,000000 0,000000 0,000000
14 1673819246 1,800000 -1,000000 -101,000000 0,000000 0,000000
14 1673819247 1,200000 -1,000000 -101,000000 0,000000 0,000000
14 1673819248 1,200000 -1,000000 -101,000000 0,000000 0,000000
14 1673819249 1,200000 -1,000000 -101,000000 0,000000 0,000000
14 1673819250 1,200000 -1,000000 -101,000000 0,000000 0,000000
14 1673819251 1,200000 -1,000000 -101,000000 0,000000 0,000000
14 1673819252 0,600000 -1,000000 -101,000000 0,000000 0,000000
14 1673819253 0,600000 -1,000000 -101,000000 0,000000 0,000000
14 1673819254 0,600000 -1,000000 -101,000000 0,000000 0,000000
14 1673819255 0,600000 -1,000000 -101,000000 0,000000 0,000000
14 1673819256 0,600000 -1,000000 -101,000000 0,000000 0,000000
14 1673819257 1,200000 -1,000000 -101,000000 0,000000 0,000000
14 1673819258 1,200000 -1,000000 -101,000000 0,000000 0,000000
14 1673819259 1,200000 -1,000000 -101,000000 0,000000 0,000000
14 1673819260 1,200000 -1,000000 -101,000000 0,000000 0,000000
14 1673819261 1,200000 -1,000000 -101,000000 0,000000 0,000000
14 1673819262 1,400000 -1,000000 -101,000000 0,000000 0,000000
14 1673819263 1,400000 -1,000000 -101,000000 0,000000 0,000000
14 1673819264 1,400000 -1,000000 -101,000000 0,000000 0,000000
14 1673819265 1,400000 -1,000000 -101,000000 0,000000 0,000000
14 1673819266 1,400000 -1,000000 -101,000000 0,000000 0,000000
14 1673819267 1,800000 -1,000000 -101,000000 0,000000 0,000000
14 1673819268 1,800000 -1,000000 -101,000000 0,000000 0,000000
14 1673819269 1,800000 -1,000000 -101,000000 0,000000 0,000000
14 1673819270 1,800000 -1,000000 -101,000000 0,000000 0,000000
14 1673819271 1,800000 -1,000000 -101,000000 0,000000 0,000000
14 1673819272 2,000000 -1,000000 -101,000000 0,000000 0,000000
14 1673819273 2,000000 -1,000000 -101,000000 0,000000 0,000000
14 1673819274 2,000000 -1,000000 -101,000000 0,000000 0,000000
14 1673819275 2,000000 -1,000000 -101,000000 0,000000 0,000000
14 1673819276 2,000000 -1,000000 -101,000000 0,000000 0,000000
14 1673819277 1,800000 -1,000000 -101,000000 0,000000 0,000000
14 1673819278 1,800000 -1,000000 -101,000000 0,000000 0,000000
14 1673819279 1,800000 -1,000000 -101,000000 0,000000 0,000000
14 1673819280 1,800000 -1,000000 -101,000000 0,000000 0,000000
14 1673819281 1,800000 -1,000000 -101,000000 0,000000 0,000000
14 1673819282 0,600000 -1,000000 -101,000000 0,000000 0,000000
14 1673819283 0,600000 -1,000000 -101,000000 0,000000 0,000000
14 1673819284 0,600000 -1,000000 -101,000000 0,000000 0,000000
14 1673819285 0,600000 -1,000000 -101,000000 0,000000 0,000000
14 1673819286 0,600000 -1,000000 -101,000000 0,000000 0,000000
14 1673819287 1,000000 -1,000000 -101,000000 0,000000 0,000000
14 1673819288 1,000000 -1,000000 -101,000000 0,000000 0,000000
14 1673819289 1,000000 -1,000000 -101,000000 0,000000 0,000000
14 1673819290 1,000000 -1,000000 -101,000000 0,000000 0,000000
14 1673819291 1,000000 -1,000000 -101,000000 0,000000 0,000000
14 1673819292 0,600000 -1,000000 -101,000000 0,000000 0,000000
14 1673819293 0,600000 -1,000000 -101,000000 0,000000 0,000000
14 1673819294 0,600000 -1,000000 -101,000000 0,000000 0,000000
14 1673819295 0,600000 -1,000000 -101,000000 0,000000 0,000000
14 1673819296 0,600000 -1,000000 -101,000000 0,000000 0,000000
14 1673819297 0,400000 -1,000000 -101,000000 0,000000 0,000000
14 1673819298 0,400000 -1,000000 -101,000000 0,000000 0,000000
14 1673819299 0,400000 -1,000000 -101,000000 0,000000 0,000000
14 1673819300 0,400000 -1,000000 -101,000000 0,000000 0,000000
14 1673819301 0,400000 -1,000000 -101,000000 0,000000 0,000000
14 1673819302 0,800000 -1,000000 -101,000000 0,000000 0,000000
14 1673819303 0,800000 -1,000000 -101,000000 0,000000 0,000000
14 1673819304 0,800000 -1,000000 -101,000000 0,000000 0,000000
14 1673819305 0,800000 -1,000000 -101,000000 0,000000 0,000000
14 1673819306 0,800000 -1,000000 -101,000000 0,000000 0,000000
14 1673819307 0,800000 -1,000000 -101,000000 0,000000 0,000000
14 1673819308 0,800000 -1,000000 -101,000000 0,000000 0,000000
14 1673819309 0,800000 -1,000000 -101,000000 0,000000 0,000000
14 1673819310 0,800000 -1,000000 -101,000000 0,000000 0,000000
14 1673819311 0,800000 -1,000000 -101,000000 0,000000 0,000000
14 1673819312 1,200000 -1,000000 -101,000000 0,000000 0,000000
14 1673819313 1,200000 -1,000000 -101,000000 0,000000 0,000000
14 1673819314 1,200000 -1,000000 -101,000000 0,000000 0,000000
14 1673819315 1,200000 -1,000000 -101,000000 0,000000 0,000000
14 1673819316 1,200000 -1,000000 -101,000000 0,000000 0,000000
14 1673819317 0,800000 -1,000000 -101,000000 0,000000 0,000000
14 1673819318 0,800000 -1,000000 -101,000000 0,000000 0,000000
14 1673819319 0,800000 -1,000000 -101,000000 0,000000 0,000000
14 1673819320 0,800000 -1,000000 -101,000000 0,000000 0,000000
14 1673819321 0,800000 -1,000000 -101,000000 0,000000 0,000000
14 1673819322 1,200000 -1,000000 -101,000000 0,000000 0,000000
14 1673819323 1,200000 -1,000000 -101,000000 0,000000 0,000000
14 1673819324 1,200000 -1,000000 -101,000000 0,000000 0,000000
14 1673819325 1,200000 -1,000000 -101,000000 0,000000 0,000000
14 1673819326 1,200000 -1,000000 -101,000000 0,000000 0,000000
14 1673819327 2,000000 -1,000000 -101,000000 0,000000 0,000000
14 1673819328 2,000000 -1,000000 -101,000000 0,000000 0,000000
14 1673819329 2,000000 -1,000000 -101,000000 0,000000 0,000000
14 1673819330 2,000000 -1,000000 -101,000000 0,000000 0,000000
14 1673819331 2,000000 -1,000000 -101,000000 0,000000 0,000000
14 1673819332 1,400000 -1,000000 -101,000000 0,000000 0,000000
14 1673819333 1,400000 -1,000000 -101,000000 0,000000 0,000000
14 1673819334 1,400000 -1,000000 -101,000000 0,000000 0,000000
14 1673819335 1,400000 -1,000000 -101,000000 0,000000 0,000000
14 1673819336 1,400000 -1,000000 -101,000000 0,000000 0,000000
14 1673819337 1,600000 -1,000000 -101,000000 0,000000 0,000000
14 1673819338 1,600000 -1,000000 -101,000000 0,000000 0,000000
14 1673819339 1,600000 -1,000000 -101,000000 0,000000 0,000000
14 1673819340 1,600000 -1,000000 -101,000000 0,000000 0,000000
14 1673819341 1,600000 -1,000000 -101,000000 0,000000 0,000000
14 1673819342 0,800000 -1,000000 -101,000000 0,000000 0,000000
14 1673819343 0,800000 -1,000000 -101,000000 0,000000 0,000000
14 1673819344 0,800000 -1,000000 -101,000000 0,000000 0,000000
14 1673819345 0,800000 -1,000000 -101,000000 0,000000 0,000000
14 1673819346 0,800000 -1,000000 -101,000000 0,000000 0,000000
14 1673819347 1,400000 -1,000000 -101,000000 0,000000 0,000000
14 1673819348 1,400000 -1,000000 -101,000000 0,000000 0,000000
14 1673819349 1,400000 -1,000000 -101,000000 0,000000 0,000000
14 1673819350 1,400000 -1,000000 -101,000000 0,000000 0,000000
14 1673819351 1,400000 -1,000000 -101,000000 0,000000 0,000000
14 1673819352 1,800000 -1,000000 -101,000000 0,000000 0,000000
14 1673819353 1,800000 -1,000000 -101,000000 0,000000 0,000000
14 1673819354 1,800000 -1,000000 -101,000000 0,000000 0,000000
14 1673819355 1,800000 -1,000000 -101,000000 0,000000 0,000000
14 1673819356 1,800000 -1,000000 -101,000000 0,000000 0,000000
14 1673819357 1,200000 -1,000000 -101,000000 0,000000 0,000000
14 1673819358 1,200000 -1,000000 -101,000000 0,000000 0,000000
14 1673819359 1,200000 -1,000000 -101,000000 0,000000 0,000000
14 1673819360 1,200000 -1,000000 -101,000000 0,000000 0,000000
14 1673819361 1,200000 -1,000000 -101,000000 0,000000 0,000000
14 1673819362 1,000000 -1,000000 -101,000000 0,000000 0,000000
14 1673819363 1,000000 -1,000000 -101,000000 0,000000 0,000000
14 1673819364 1,000000 -1,000000 -101,000000 0,000000 0,000000
14 1673819365 1,000000 -1,000000 -101,000000 0,000000 0,000000
14 1673819366 1,000000 -1,000000 -101,000000 0,000000 0,000000
14 1673819367 0,600000 -1,000000 -101,000000 0,000000 0,000000
14 1673819368 0,600000 -1,000000 -101,000000 0,000000 0,000000
14 1673819369 0,600000 -1,000000 -101,000000 0,000000 0,000000
14 1673819370 0,600000 -1,000000 -101,000000 0,000000 0,000000
14 1673819371 0,600000 -1,000000 -101,000000 0,000000 0,000000
14 1673819372 0,200000 -1,000000 -101,000000 0,000000 0,000000
14 1673819373 0,200000 -1,000000 -101,000000 0,000000 0,000000
14 1673819374 0,200000 -1,000000 -101,000000 0,000000 0,000000
14 1673819375 0,200000 -1,000000 -101,000000 0,000000 0,000000
14 1673819376 0,200000 -1,000000 -101,000000 0,000000 0,000000
14 1673819377 1,200000 -1,000000 -101,000000 0,000000 0,000000
14 1673819378 1,200000 -1,000000 -101,000000 0,000000 0,000000
14 1673819379 1,200000 -1,000000 -101,000000 0,000000 0,000000
14 1673819380 1,200000 -1,000000 -101,000000 0,000000 0,000000
14 1673819381 1,200000 -1,000000 -101,000000 0,000000 0,000000
14 1673819382 1,000000 -1,000000 -101,000000 0,000000 0,000000
14 1673819383 1,000000 -1,000000 -101,000000 0,000000 0,000000
14 1673819384 1,000000 -1,000000 -101,000000 0,000000 0,000000
14 1673819385 1,000000 -1,000000 -101,000000 0,000000 0,000000
14 1673819386 1,000000 -1,000000 -101,000000 0,000000 0,000000
14 1673819387 1,600000 -1,000000 -101,000000 0,000000 0,000000
14 1673819388 1,600000 -1,000000 -101,000000 0,000000 0,000000
14 1673819389 1,600000 -1,000000 -101,000000 0,000000 0,000000
14 1673819390 1,600000 -1,000000 -101,000000 0,000000 0,000000
14 1673819391 1,600000 -1,000000 -101,000000 0,000000 0,000000
14 1673819392 1,000000 -1,000000 -101,000000 0,000000 0,000000
14 1673819393 1,000000 -1,000000 -101,000000 0,000000 0,000000
14 1673819394 1,000000 -1,000000 -101,000000 0,000000 0,000000
14 1673819395 1,000000 -1,000000 -101,000000 0,000000 0,000000
14 1673819396 1,000000 -1,000000 -101,000000 0,000000 0,000000
14 1673819397 0,800000 -1,000000 -101,000000 0,000000 0,000000
14 1673819398 0,800000 -1,000000 -101,000000 0,000000 0,000000
14 1673819399 0,800000 -1,000000 -101,000000 0,000000 0,000000
14 1673819400 0,800000 -1,000000 -101,000000 0,000000 0,000000
14 1673819401 0,800000 -1,000000 -101,000000 0,000000 0,000000
14 1673819402 1,000000 -1,000000 -101,000000 0,000000 0,000000
14 1673819403 1,000000 -1,000000 -101,000000 0,000000 0,000000
14 1673819404 1,000000 -1,000000 -101,000000 0,000000 0,000000
14 1673819405 1,000000 -1,000000 -101,000000 0,000000 0,000000
14 1673819406 1,000000 -1,000000 -101,000000 0,000000 0,000000
14 1673819407 1,400000 -1,000000 -101,000000 0,000000 0,000000
14 1673819408 1,400000 -1,000000 -101,000000 0,000000 0,000000
14 1673819409 1,400000 -1,000000 -101,000000 0,000000 0,000000
14 1673819410 1,400000 -1,000000 -101,000000 0,000000 0,000000
14 1673819411 1,400000 -1,000000 -101,000000 0,000000 0,000000
14 1673819412 2,800000 -1,000000 -101,000000 0,000000 0,000000
14 1673819413 2,800000 -1,000000 -101,000000 0,000000 0,000000
14 1673819414 2,800000 -1,000000 -101,000000 0,000000 0,000000
14 1673819415 2,800000 -1,000000 -101,000000 0,000000 0,000000
14 1673819416 2,800000 -1,000000 -101,000000 0,000000 0,000000
14 1673819417 1,200000 -1,000000 -101,000000 0,000000 0,000000
14 1673819418 1,200000 -1,000000 -101,000000 0,000000 0,000000
14 1673819419 1,200000 -1,000000 -101,000000 0,000000 0,000000
14 1673819420 1,200000 -1,000000 -101,000000 0,000000 0,000000
14 1673819421 1,200000 -1,000000 -101,000000 0,000000 0,000000
14 1673819422 1,600000 -1,000000 -101,000000 0,000000 0,000000
14 1673819423 1,600000 -1,000000 -101,000000 0,000000 0,000000
14 1673819424 1,600000 -1,000000 -101,000000 0,000000 0,000000
14 1673819425 1,600000 -1,000000 -101,000000 0,000000 0,000000
14 1673819426 1,600000 -1,000000 -101,000000 0,000000 0,000000
14 1673819427 1,400000 -1,000000 -101,000000 0,000000 0,000000
14 1673819428 1,400000 -1,000000 -101,000000 0,000000 0,000000
14 1673819429 1,400000 -1,000000 -101,000000 0,000000 0,000000
14 1673819430 1,400000 -1,000000 -101,000000 0,000000 0,000000
14 1673819431 1,400000 -1,000000 -101,000000 0,000000 0,000000
14 1673819432 0,200000 -1,000000 -101,000000 0,000000 0,000000
14 1673819433 0,200000 -1,000000 -101,000000 0,000000 0,000000
14 1673819434 0,200000 -1,000000 -101,000000 0,000000 0,000000
14 1673819435 0,200000 -1,000000 -101,000000 0,000000 0,000000
14 1673819436 0,200000 -1,000000 -101,000000 0,000000 0,000000
14 1673819437 0,400000 -1,000000 -101,000000 0,000000 0,000000
14 1673819438 0,400000 -1,000000 -101,000000 0,000000 0,000000
14 1673819439 0,400000 -1,000000 -101,000000 0,000000 0,000000
14 1673819440 0,400000 -1,000000 -101,000000 0,000000 0,000000
14 1673819441 0,400000 -1,000000 -101,000000 0,000000 0,000000
14 1673819442 0,200000 -1,000000 -101,000000 0,000000 0,000000
14 1673819443 0,200000 -1,000000 -101,000000 0,000000 0,000000
14 1673819444 0,200000 -1,000000 -101,000000 0,000000 0,000000
14 1673819445 0,200000 -1,000000 -101,000000 0,000000 0,000000
14 1673819446 0,200000 -1,000000 -101,000000 0,000000 0,000000
14 1673819447 1,000000 -1,000000 -101,000000 0,000000 0,000000
14 1673819448 1,000000 -1,000000 -101,000000 0,000000 0,000000
14 1673819449 1,000000 -1,000000 -101,000000 0,000000 0,000000
14 1673819450 1,000000 -1,000000 -101,000000 0,000000 0,000000
14 1673819451 1,000000 -1,000000 -101,000000 0,000000 0,000000
14 1673819452 1,000000 -1,000000 -101,000000 0,000000 0,000000
14 1673819453 1,000000 -1,000000 -101,000000 0,000000 0,000000
14 1673819454 1,000000 -1,000000 -101,000000 0,000000 0,000000
14 1673819455 1,000000 -1,000000 -101,000000 0,000000 0,000000
14 1673819456 1,000000 -1,000000 -101,000000 0,000000 0,000000
14 1673819457 2,000000 -1,000000 -101,000000 0,000000 0,000000
14 1673819458 2,000000 -1,000000 -101,000000 0,000000 0,000000
14 1673819459 2,000000 -1,000000 -101,000000 0,000000 0,000000
14 1673819460 2,000000 -1,000000 -101,000000 0,000000 0,000000
14 1673819461 2,000000 -1,000000 -101,000000 0,000000 0,000000
14 1673819462 1,000000 -1,000000 -101,000000 0,000000 0,000000
14 1673819463 1,000000 -1,000000 -101,000000 0,000000 0,000000
14 1673819464 1,000000 -1,000000 -101,000000 0,000000 0,000000
14 1673819465 1,000000 -1,000000 -101,000000 0,000000 0,000000
14 1673819466 1,000000 -1,000000 -101,000000 0,000000 0,000000
14 1673819467 0,800000 -1,000000 -101,000000 0,000000 0,000000
14 1673819468 0,800000 -1,000000 -101,000000 0,000000 0,000000
14 1673819469 0,800000 -1,000000 -101,000000 0,000000 0,000000
14 1673819470 0,800000 -1,000000 -101,000000 0,000000 0,000000
14 1673819471 0,800000 -1,000000 -101,000000 0,000000 0,000000
14 1673819472 1,200000 -1,000000 -101,000000 0,000000 0,000000
14 1673819473 1,200000 -1,000000 -101,000000 0,000000 0,000000
14 1673819474 1,200000 -1,000000 -101,000000 0,000000 0,000000
14 1673819475 1,200000 -1,000000 -101,000000 0,000000 0,000000
14 1673819476 1,200000 -1,000000 -101,000000 0,000000 0,000000
14 1673819477 2,200000 -1,000000 -101,000000 0,000000 0,000000
14 1673819478 2,200000 -1,000000 -101,000000 0,000000 0,000000
14 1673819479 2,200000 -1,000000 -101,000000 0,000000 0,000000
14 1673819480 2,200000 -1,000000 -101,000000 0,000000 0,000000
14 1673819481 2,200000 -1,000000 -101,000000 0,000000 0,000000
14 1673819482 1,200000 -1,000000 -101,000000 0,000000 0,000000
14 1673819483 1,200000 -1,000000 -101,000000 0,000000 0,000000
14 1673819484 1,200000 -1,000000 -101,000000 0,000000 0,000000
14 1673819485 1,200000 -1,000000 -101,000000 0,000000 0,000000
14 1673819486 1,200000 -1,000000 -101,000000 0,000000 0,000000
14 1673819487 2,000000 -1,000000 -101,000000 0,000000 0,000000
14 1673819488 2,000000 -1,000000 -101,000000 0,000000 0,000000
14 1673819489 2,000000 -1,000000 -101,000000 0,000000 0,000000
14 1673819490 2,000000 -1,000000 -101,000000 0,000000 0,000000
14 1673819491 2,000000 -1,000000 -101,000000 0,000000 0,000000
14 1673819492 1,400000 -1,000000 -101,000000 0,000000 0,000000
14 1673819493 1,400000 -1,000000 -101,000000 0,000000 0,000000
14 1673819494 1,400000 -1,000000 -101,000000 0,000000 0,000000
14 1673819495 1,400000 -1,000000 -101,000000 0,000000 0,000000
14 1673819496 1,400000 -1,000000 -101,000000 0,000000 0,000000
14 1673819497 1,600000 -1,000000 -101,000000 0,000000 0,000000
14 1673819498 1,600000 -1,000000 -101,000000 0,000000 0,000000
14 1673819499 1,600000 -1,000000 -101,000000 0,000000 0,000000
14 1673819500 1,600000 -1,000000 -101,000000 0,000000 0,000000
14 1673819501 1,600000 -1,000000 -101,000000 0,000000 0,000000
14 1673819502 1,000000 -1,000000 -101,000000 0,000000 0,000000
14 1673819503 1,000000 -1,000000 -101,000000 0,000000 0,000000
14 1673819504 1,000000 -1,000000 -101,000000 0,000000 0,000000
14 1673819505 1,000000 -1,000000 -101,000000 0,000000 0,000000
14 1673819506 1,000000 -1,000000 -101,000000 0,000000 0,000000
14 1673819507 0,400000 -1,000000 -101,000000 0,000000 0,000000
14 1673819508 0,400000 -1,000000 -101,000000 0,000000 0,000000
14 1673819509 0,400000 -1,000000 -101,000000 0,000000 0,000000
14 1673819510 0,400000 -1,000000 -101,000000 0,000000 0,000000
14 1673819511 0,400000 -1,000000 -101,000000 0,000000 0,000000
14 1673819512 0,600000 -1,000000 -101,000000 0,000000 0,000000
14 1673819513 0,600000 -1,000000 -101,000000 0,000000 0,000000
14 1673819514 0,600000 -1,000000 -101,000000 0,000000 0,000000
14 1673819515 0,600000 -1,000000 -101,000000 0,000000 0,000000
14 1673819516 0,600000 -1,000000 -101,000000 0,000000 0,000000
14 1673819517 0,400000 -1,000000 -101,000000 0,000000 0,000000
14 1673819518 0,400000 -1,000000 -101,000000 0,000000 0,000000
14 1673819519 0,400000 -1,000000 -101,000000 0,000000 0,000000
14 1673819520 0,400000 -1,000000 -101,000000 0,000000 0,000000
14 1673819521 0,400000 -1,000000 -101,000000 0,000000 0,000000
14 1673819522 0,800000 -1,000000 -101,000000 0,000000 0,000000
14 1673819523 0,800000 -1,000000 -101,000000 0,000000 0,000000
14 1673819524 0,800000 -1,000000 -101,000000 0,000000 0,000000
14 1673819525 0,800000 -1,000000 -101,000000 0,000000 0,000000
14 1673819526 0,800000 -1,000000 -101,000000 0,000000 0,000000
14 1673819527 1,400000 -1,000000 -101,000000 0,000000 0,000000
14 1673819528 1,400000 -1,000000 -101,000000 0,000000 0,000000
14 1673819529 1,400000 -1,000000 -101,000000 0,000000 0,000000
14 1673819530 1,400000 -1,000000 -101,000000 0,000000 0,000000
14 1673819531 1,400000 -1,000000 -101,000000 0,000000 0,000000
14 1673819532 0,600000 -1,000000 -101,000000 0,000000 0,000000
14 1673819533 0,600000 -1,000000 -101,000000 0,000000 0,000000
14 1673819534 0,600000 -1,000000 -101,000000 0,000000 0,000000
14 1673819535 0,600000 -1,000000 -101,000000 0,000000 0,000000
14 1673819536 0,600000 -1,000000 -101,000000 0,000000 0,000000
14 1673819537 0,800000 -1,000000 -101,000000 0,000000 0,000000
14 1673819538 0,800000 -1,000000 -101,000000 0,000000 0,000000
14 1673819539 0,800000 -1,000000 -101,000000 0,000000 0,000000
14 1673819540 0,800000 -1,000000 -101,000000 0,000000 0,000000
14 1673819541 0,800000 -1,000000 -101,000000 0,000000 0,000000
14 1673819542 1,400000 -1,000000 -101,000000 0,000000 0,000000
14 1673819543 1,400000 -1,000000 -101,000000 0,000000 0,000000
14 1673819544 1,400000 -1,000000 -101,000000 0,000000 0,000000
14 1673819545 1,400000 -1,000000 -101,000000 0,000000 0,000000
14 1673819546 1,400000 -1,000000 -101,000000 0,000000 0,000000
14 1673819547 0,800000 -1,000000 -101,000000 0,000000 0,000000
14 1673819548 0,800000 -1,000000 -101,000000 0,000000 0,000000
14 1673819549 0,800000 -1,000000 -101,000000 0,000000 0,000000
14 1673819550 0,800000 -1,000000 -101,000000 0,000000 0,000000
14 1673819551 0,800000 -1,000000 -101,000000 0,000000 0,000000
14 1673819552 2,200000 -1,000000 -101,000000 0,000000 0,000000
14 1673819553 2,200000 -1,000000 -101,000000 0,000000 0,000000
14 1673819554 2,200000 -1,000000 -101,000000 0,000000 0,000000
14 1673819555 2,200000 -1,000000 -101,000000 0,000000 0,000000
14 1673819556 2,200000 -1,000000 -101,000000 0,000000 0,000000
14 1673819557 2,200000 -1,000000 -101,000000 0,000000 0,000000
14 1673819558 2,200000 -1,000000 -101,000000 0,000000 0,000000
14 1673819559 2,200000 -1,000000 -101,000000 0,000000 0,000000
14 1673819560 2,200000 -1,000000 -101,000000 0,000000 0,000000
14 1673819561 2,200000 -1,000000 -101,000000 0,000000 0,000000
14 1673819562 1,000000 -1,000000 -101,000000 0,000000 0,000000
14 1673819563 1,000000 -1,000000 -101,000000 0,000000 0,000000
14 1673819564 1,000000 -1,000000 -101,000000 0,000000 0,000000
14 1673819565 1,000000 -1,000000 -101,000000 0,000000 0,000000
14 1673819566 1,000000 -1,000000 -101,000000 0,000000 0,000000
14 1673819567 1,400000 -1,000000 -101,000000 0,000000 0,000000
14 1673819568 1,400000 -1,000000 -101,000000 0,000000 0,000000
14 1673819569 1,400000 -1,000000 -101,000000 0,000000 0,000000
14 1673819570 1,400000 -1,000000 -101,000000 0,000000 0,000000
14 1673819571 1,400000 -1,000000 -101,000000 0,000000 0,000000
14 1673819572 1,000000 -1,000000 -101,000000 0,000000 0,000000
14 1673819573 1,000000 -1,000000 -101,000000 0,000000 0,000000
14 1673819574 1,000000 -1,000000 -101,000000 0,000000 0,000000
14 1673819575 1,000000 -1,000000 -101,000000 0,000000 0,000000
14 1673819576 1,000000 -1,000000 -101,000000 0,000000 0,000000
14 1673819577 1,000000 -1,000000 -101,000000 0,000000 0,000000
14 1673819578 1,000000 -1,000000 -101,000000 0,000000 0,000000
14 1673819579 1,000000 -1,000000 -101,000000 0,000000 0,000000
14 1673819580 1,000000 -1,000000 -101,000000 0,000000 0,000000
14 1673819581 1,000000 -1,000000 -101,000000 0,000000 0,000000
14 1673819582 1,800000 -1,000000 -101,000000 0,000000 0,000000
14 1673819583 1,800000 -1,000000 -101,000000 0,000000 0,000000
14 1673819584 1,800000 -1,000000 -101,000000 0,000000 0,000000
14 1673819585 1,800000 -1,000000 -101,000000 0,000000 0,000000
14 1673819586 1,800000 -1,000000 -101,000000 0,000000 0,000000
14 1673819587 1,200000 -1,000000 -101,000000 0,000000 0,000000
14 1673819588 1,200000 -1,000000 -101,000000 0,000000 0,000000
14 1673819589 1,200000 -1,000000 -101,000000 0,000000 0,000000
14 1673819590 1,200000 -1,000000 -101,000000 0,000000 0,000000
14 1673819591 1,200000 -1,000000 -101,000000 0,000000 0,000000
14 1673819592 0,800000 -1,000000 -101,000000 0,000000 0,000000
14 1673819593 0,800000 -1,000000 -101,000000 0,000000 0,000000
14 1673819594 0,800000 -1,000000 -101,000000 0,000000 0,000000
14 1673819595 0,800000 -1,000000 -101,000000 0,000000 0,000000
14 1673819596 0,800000 -1,000000 -101,000000 0,000000 0,000000
14 1673819597 0,600000 -1,000000 -101,000000 0,000000 0,000000
14 1673819598 0,600000 -1,000000 -101,000000 0,000000 0,000000
14 1673819599 0,600000 -1,000000 -101,000000 0,000000 0,000000
14 1673819600 0,600000 -1,000000 -101,000000 0,000000 0,000000
14 1673819601 0,600000 -1,000000 -101,000000 0,000000 0,000000
14 1673819602 1,200000 -1,000000 -101,000000 0,000000 0,000000
14 1673819603 1,200000 -1,000000 -101,000000 0,000000 0,000000
14 1673819604 1,200000 -1,000000 -101,000000 0,000000 0,000000
14 1673819605 1,200000 -1,000000 -101,000000 0,000000 0,000000
14 1673819606 1,200000 -1,000000 -101,000000 0,000000 0,000000
14 1673819607 1,000000 -1,000000 -101,000000 0,000000 0,000000
14 1673819608 1,000000 -1,000000 -101,000000 0,000000 0,000000
14 1673819609 1,000000 -1,000000 -101,000000 0,000000 0,000000
14 1673819610 1,000000 -1,000000 -101,000000 0,000000 0,000000
14 1673819611 1,000000 -1,000000 -101,000000 0,000000 0,000000
14 1673819612 1,000000 -1,000000 -101,000000 0,000000 0,000000
14 1673819613 1,000000 -1,000000 -101,000000 0,000000 0,000000
14 1673819614 1,000000 -1,000000 -101,000000 0,000000 0,000000
14 1673819615 1,000000 -1,000000 -101,000000 0,000000 0,000000
14 1673819616 1,000000 -1,000000 -101,000000 0,000000 0,000000
14 1673819617 0,400000 -1,000000 -101,000000 0,000000 0,000000
14 1673819618 0,400000 -1,000000 -101,000000 0,000000 0,000000
14 1673819619 0,400000 -1,000000 -101,000000 0,000000 0,000000
14 1673819620 0,400000 -1,000000 -101,000000 0,000000 0,000000
14 1673819621 0,400000 -1,000000 -101,000000 0,000000 0,000000
14 1673819622 0,200000 -1,000000 -101,000000 0,000000 0,000000
14 1673819623 0,200000 -1,000000 -101,000000 0,000000 0,000000
14 1673819624 0,200000 -1,000000 -101,000000 0,000000 0,000000
14 1673819625 0,200000 -1,000000 -101,000000 0,000000 0,000000
14 1673819626 0,200000 -1,000000 -101,000000 0,000000 0,000000
14 1673819627 0,800000 -1,000000 -101,000000 0,000000 0,000000
14 1673819628 0,800000 -1,000000 -101,000000 0,000000 0,000000
14 1673819629 0,800000 -1,000000 -101,000000 0,000000 0,000000
14 1673819630 0,800000 -1,000000 -101,000000 0,000000 0,000000
14 1673819631 0,800000 -1,000000 -101,000000 0,000000 0,000000
14 1673819632 2,000000 -1,000000 -101,000000 0,000000 0,000000
14 1673819633 2,000000 -1,000000 -101,000000 0,000000 0,000000
14 1673819634 2,000000 -1,000000 -101,000000 0,000000 0,000000
14 1673819635 2,000000 -1,000000 -101,000000 0,000000 0,000000
14 1673819636 2,000000 -1,000000 -101,000000 0,000000 0,000000
14 1673819637 1,800000 -1,000000 -101,000000 0,000000 0,000000
14 1673819638 1,800000 -1,000000 -101,000000 0,000000 0,000000
14 1673819639 1,800000 -1,000000 -101,000000 0,000000 0,000000
14 1673819640 1,800000 -1,000000 -101,000000 0,000000 0,000000
14 1673819641 1,800000 -1,000000 -101,000000 0,000000 0,000000
14 1673819642 1,600000 -1,000000 -101,000000 0,000000 0,000000
14 1673819643 1,600000 -1,000000 -101,000000 0,000000 0,000000
14 1673819644 1,600000 -1,000000 -101,000000 0,000000 0,000000
14 1673819645 1,600000 -1,000000 -101,000000 0,000000 0,000000
14 1673819646 1,600000 -1,000000 -101,000000 0,000000 0,000000
14 1673819647 2,000000 -1,000000 -101,000000 0,000000 0,000000
14 1673819648 2,000000 -1,000000 -101,000000 0,000000 0,000000
14 1673819649 2,000000 -1,000000 -101,000000 0,000000 0,000000
14 1673819650 2,000000 -1,000000 -101,000000 0,000000 0,000000
14 1673819651 2,000000 -1,000000 -101,000000 0,000000 0,000000
14 1673819652 1,200000 -1,000000 -101,000000 0,000000 0,000000
14 1673819653 1,200000 -1,000000 -101,000000 0,000000 0,000000
14 1673819654 1,200000 -1,000000 -101,000000 0,000000 0,000000
14 1673819655 1,200000 -1,000000 -101,000000 0,000000 0,000000
14 1673819656 1,200000 -1,000000 -101,000000 0,000000 0,000000
14 1673819657 0,800000 -1,000000 -101,000000 0,000000 0,000000
14 1673819658 0,800000 -1,000000 -101,000000 0,000000 0,000000
14 1673819659 0,800000 -1,000000 -101,000000 0,000000 0,000000
14 1673819660 0,800000 -1,000000 -101,000000 0,000000 0,000000
14 1673819661 0,800000 -1,000000 -101,000000 0,000000 0,000000
14 1673819662 1,200000 -1,000000 -101,000000 0,000000 0,000000
14 1673819663 1,200000 -1,000000 -101,000000 0,000000 0,000000
14 1673819664 1,200000 -1,000000 -101,000000 0,000000 0,000000
14 1673819665 1,200000 -1,000000 -101,000000 0,000000 0,000000
14 1673819666 1,200000 -1,000000 -101,000000 0,000000 0,000000
14 1673819667 1,600000 -1,000000 -101,000000 0,000000 0,000000
14 1673819668 1,600000 -1,000000 -101,000000 0,000000 0,000000
14 1673819669 1,600000 -1,000000 -101,000000 0,000000 0,000000
14 1673819670 1,600000 -1,000000 -101,000000 0,000000 0,000000
14 1673819671 1,600000 -1,000000 -101,000000 0,000000 0,000000
14 1673819672 2,000000 -1,000000 -101,000000 0,000000 0,000000
14 1673819673 2,000000 -1,000000 -101,000000 0,000000 0,000000
14 1673819674 2,000000 -1,000000 -101,000000 0,000000 0,000000
14 1673819675 2,000000 -1,000000 -101,000000 0,000000 0,000000
14 1673819676 2,000000 -1,000000 -101,000000 0,000000 0,000000
14 1673819677 0,800000 -1,000000 -101,000000 0,000000 0,000000
14 1673819678 0,800000 -1,000000 -101,000000 0,000000 0,000000
14 1673819679 0,800000 -1,000000 -101,000000 0,000000 0,000000
14 1673819680 0,800000 -1,000000 -101,000000 0,000000 0,000000
14 1673819681 0,800000 -1,000000 -101,000000 0,000000 0,000000
14 1673819682 0,800000 -1,000000 -101,000000 0,000000 0,000000
14 1673819683 0,800000 -1,000000 -101,000000 0,000000 0,000000
14 1673819684 0,800000 -1,000000 -101,000000 0,000000 0,000000
14 1673819685 0,800000 -1,000000 -101,000000 0,000000 0,000000
14 1673819686 0,800000 -1,000000 -101,000000 0,000000 0,000000
14 1673819687 0,400000 -1,000000 -101,000000 0,000000 0,000000
14 1673819688 0,400000 -1,000000 -101,000000 0,000000 0,000000
14 1673819689 0,400000 -1,000000 -101,000000 0,000000 0,000000
14 1673819690 0,400000 -1,000000 -101,000000 0,000000 0,000000
14 1673819691 0,400000 -1,000000 -101,000000 0,000000 0,000000
14 1673819692 0,400000 -1,000000 -101,000000 0,000000 0,000000
14 1673819693 0,400000 -1,000000 -101,000000 0,000000 0,000000
14 1673819694 0,400000 -1,000000 -101,000000 0,000000 0,000000
14 1673819695 0,400000 -1,000000 -101,000000 0,000000 0,000000
14 1673819696 0,400000 -1,000000 -101,000000 0,000000 0,000000
14 1673819697 0,600000 -1,000000 -101,000000 0,000000 0,000000
14 1673819698 0,600000 -1,000000 -101,000000 0,000000 0,000000
14 1673819699 0,600000 -1,000000 -101,000000 0,000000 0,000000
14 1673819700 0,600000 -1,000000 -101,000000 0,000000 0,000000
14 1673819701 0,600000 -1,000000 -101,000000 0,000000 0,000000
14 1673819702 1,200000 -1,000000 -101,000000 0,000000 0,000000
14 1673819703 1,200000 -1,000000 -101,000000 0,000000 0,000000
14 1673819704 1,200000 -1,000000 -101,000000 0,000000 0,000000
14 1673819705 1,200000 -1,000000 -101,000000 0,000000 0,000000
14 1673819706 1,200000 -1,000000 -101,000000 0,000000 0,000000
14 1673819707 2,000000 -1,000000 -101,000000 0,000000 0,000000
14 1673819708 2,000000 -1,000000 -101,000000 0,000000 0,000000
14 1673819709 2,000000 -1,000000 -101,000000 0,000000 0,000000
14 1673819710 2,000000 -1,000000 -101,000000 0,000000 0,000000
14 1673819711 2,000000 -1,000000 -101,000000 0,000000 0,000000
14 1673819712 0,800000 -1,000000 -101,000000 0,000000 0,000000
14 1673819713 0,800000 -1,000000 -101,000000 0,000000 0,000000
14 1673819714 0,800000 -1,000000 -101,000000 0,000000 0,000000
14 1673819715 0,800000 -1,000000 -101,000000 0,000000 0,000000
14 1673819716 0,800000 -1,000000 -101,000000 0,000000 0,000000
14 1673819717 0,600000 -1,000000 -101,000000 0,000000 0,000000
14 1673819718 0,600000 -1,000000 -101,000000 0,000000 0,000000
14 1673819719 0,600000 -1,000000 -101,000000 0,000000 0,000000
14 1673819720 0,600000 -1,000000 -101,000000 0,000000 0,000000
14 1673819721 0,600000 -1,000000 -101,000000 0,000000 0,000000
14 1673819722 1,200000 -1,000000 -101,000000 0,000000 0,000000
14 1673819723 1,200000 -1,000000 -101,000000 0,000000 0,000000
14 1673819724 1,200000 -1,000000 -101,000000 0,000000 0,000000
14 1673819725 1,200000 -1,000000 -101,000000 0,000000 0,000000
14 1673819726 1,200000 -1,000000 -101,000000 0,000000 0,000000
14 1673819727 1,000000 -1,000000 -101,000000 0,000000 0,000000
14 1673819728 1,000000 -1,000000 -101,000000 0,000000 0,000000
14 1673819729 1,000000 -1,000000 -101,000000 0,000000 0,000000
14 1673819730 1,000000 -1,000000 -101,000000 0,000000 0,000000
14 1673819731 1,000000 -1,000000 -101,000000 0,000000 0,000000
14 1673819732 2,000000 -1,000000 -101,000000 0,000000 0,000000
14 1673819733 2,000000 -1,000000 -101,000000 0,000000 0,000000
14 1673819734 2,000000 -1,000000 -101,000000 0,000000 0,000000
14 1673819735 2,000000 -1,000000 -101,000000 0,000000 0,000000
14 1673819736 2,000000 -1,000000 -101,000000 0,000000 0,000000
14 1673819737 1,200000 -1,000000 -101,000000 0,000000 0,000000
14 1673819738 1,200000 -1,000000 -101,000000 0,000000 0,000000
14 1673819739 1,200000 -1,000000 -101,000000 0,000000 0,000000
14 1673819740 1,200000 -1,000000 -101,000000 0,000000 0,000000
14 1673819741 1,200000 -1,000000 -101,000000 0,000000 0,000000
14 1673819742 2,000000 -1,000000 -101,000000 0,000000 0,000000
14 1673819743 2,000000 -1,000000 -101,000000 0,000000 0,000000
14 1673819744 2,000000 -1,000000 -101,000000 0,000000 0,000000
14 1673819745 2,000000 -1,000000 -101,000000 0,000000 0,000000
14 1673819746 2,000000 -1,000000 -101,000000 0,000000 0,000000
14 1673819747 1,800000 -1,000000 -101,000000 0,000000 0,000000
14 1673819748 1,800000 -1,000000 -101,000000 0,000000 0,000000
14 1673819749 1,800000 -1,000000 -101,000000 0,000000 0,000000
14 1673819750 1,800000 -1,000000 -101,000000 0,000000 0,000000
14 1673819751 1,800000 -1,000000 -101,000000 0,000000 0,000000
14 1673819752 1,000000 -1,000000 -101,000000 0,000000 0,000000
14 1673819753 1,000000 -1,000000 -101,000000 0,000000 0,000000
14 1673819754 1,000000 -1,000000 -101,000000 0,000000 0,000000
14 1673819755 1,000000 -1,000000 -101,000000 0,000000 0,000000
14 1673819756 1,000000 -1,000000 -101,000000 0,000000 0,000000
14 1673819757 1,000000 -1,000000 -101,000000 0,000000 0,000000
14 1673819758 1,000000 -1,000000 -101,000000 0,000000 0,000000
14 1673819759 1,000000 -1,000000 -101,000000 0,000000 0,000000
14 1673819760 1,000000 -1,000000 -101,000000 0,000000 0,000000
14 1673819761 1,000000 -1,000000 -101,000000 0,000000 0,000000
14 1673819762 0,600000 -1,000000 -101,000000 0,000000 0,000000
14 1673819763 0,600000 -1,000000 -101,000000 0,000000 0,000000
14 1673819764 0,600000 -1,000000 -101,000000 0,000000 0,000000
14 1673819765 0,600000 -1,000000 -101,000000 0,000000 0,000000
14 1673819766 0,600000 -1,000000 -101,000000 0,000000 0,000000
14 1673819767 0,800000 -1,000000 -101,000000 0,000000 0,000000
14 1673819768 0,800000 -1,000000 -101,000000 0,000000 0,000000
14 1673819769 0,800000 -1,000000 -101,000000 0,000000 0,000000
14 1673819770 0,800000 -1,000000 -101,000000 0,000000 0,000000
14 1673819771 0,800000 -1,000000 -101,000000 0,000000 0,000000
14 1673819772 0,600000 -1,000000 -101,000000 0,000000 0,000000
14 1673819773 0,600000 -1,000000 -101,000000 0,000000 0,000000
14 1673819774 0,600000 -1,000000 -101,000000 0,000000 0,000000
14 1673819775 0,600000 -1,000000 -101,000000 0,000000 0,000000
14 1673819776 0,600000 -1,000000 -101,000000 0,000000 0,000000
14 1673819777 1,200000 -1,000000 -101,000000 0,000000 0,000000
14 1673819778 1,200000 -1,000000 -101,000000 0,000000 0,000000
14 1673819779 1,200000 -1,000000 -101,000000 0,000000 0,000000
14 1673819780 1,200000 -1,000000 -101,000000 0,000000 0,000000
14 1673819781 1,200000 -1,000000 -101,000000 0,000000 0,000000
14 1673819782 2,200000 -1,000000 -101,000000 0,000000 0,000000
14 1673819783 2,200000 -1,000000 -101,000000 0,000000 0,000000
14 1673819784 2,200000 -1,000000 -101,000000 0,000000 0,000000
14 1673819785 2,200000 -1,000000 -101,000000 0,000000 0,000000
14 1673819786 2,200000 -1,000000 -101,000000 0,000000 0,000000
14 1673819787 0,800000 -1,000000 -101,000000 0,000000 0,000000
14 1673819788 0,800000 -1,000000 -101,000000 0,000000 0,000000
14 1673819789 0,800000 -1,000000 -101,000000 0,000000 0,000000
14 1673819790 0,800000 -1,000000 -101,000000 0,000000 0,000000
14 1673819791 0,800000 -1,000000 -101,000000 0,000000 0,000000
14 1673819792 0,800000 -1,000000 -101,000000 0,000000 0,000000
14 1673819793 0,800000 -1,000000 -101,000000 0,000000 0,000000
14 1673819794 0,800000 -1,000000 -101,000000 0,000000 0,000000
14 1673819795 0,800000 -1,000000 -101,000000 0,000000 0,000000
14 1673819796 0,800000 -1,000000 -101,000000 0,000000 0,000000
14 1673819797 1,600000 -1,000000 -101,000000 0,000000 0,000000
14 1673819798 1,600000 -1,000000 -101,000000 0,000000 0,000000
14 1673819799 1,600000 -1,000000 -101,000000 0,000000 0,000000
14 1673819800 1,600000 -1,000000 -101,000000 0,000000 0,000000
14 1673819801 1,600000 -1,000000 -101,000000 0,000000 0,000000
14 1673819802 0,200000 -1,000000 -101,000000 0,000000 0,000000
14 1673819803 0,200000 -1,000000 -101,000000 0,000000 0,000000
14 1673819804 0,200000 -1,000000 -101,000000 0,000000 0,000000
14 1673819805 0,200000 -1,000000 -101,000000 0,000000 0,000000
14 1673819806 0,200000 -1,000000 -101,000000 0,000000 0,000000
14 1673819807 1,200000 -1,000000 -101,000000 0,000000 0,000000
14 1673819808 1,200000 -1,000000 -101,000000 0,000000 0,000000
14 1673819809 1,200000 -1,000000 -101,000000 0,000000 0,000000
14 1673819810 1,200000 -1,000000 -101,000000 0,000000 0,000000
14 1673819811 1,200000 -1,000000 -101,000000 0,000000 0,000000
14 1673819812 0,800000 -1,000000 -101,000000 0,000000 0,000000
14 1673819813 0,800000 -1,000000 -101,000000 0,000000 0,000000
14 1673819814 0,800000 -1,000000 -101,000000 0,000000 0,000000
14 1673819815 0,800000 -1,000000 -101,000000 0,000000 0,000000
14 1673819816 0,800000 -1,000000 -101,000000 0,000000 0,000000
14 1673819817 1,200000 -1,000000 -101,000000 0,000000 0,000000
14 1673819818 1,200000 -1,000000 -101,000000 0,000000 0,000000
14 1673819819 1,200000 -1,000000 -101,000000 0,000000 0,000000
14 1673819820 1,200000 -1,000000 -101,000000 0,000000 0,000000
14 1673819821 1,200000 -1,000000 -101,000000 0,000000 0,000000
14 1673819822 0,600000 -1,000000 -101,000000 0,000000 0,000000
14 1673819823 0,600000 -1,000000 -101,000000 0,000000 0,000000
14 1673819824 0,600000 -1,000000 -101,000000 0,000000 0,000000
14 1673819825 0,600000 -1,000000 -101,000000 0,000000 0,000000
14 1673819826 0,600000 -1,000000 -101,000000 0,000000 0,000000
14 1673819827 0,600000 -1,000000 -101,000000 0,000000 0,000000
14 1673819828 0,600000 -1,000000 -101,000000 0,000000 0,000000
14 1673819829 0,600000 -1,000000 -101,000000 0,000000 0,000000
14 1673819830 0,600000 -1,000000 -101,000000 0,000000 0,000000
14 1673819831 0,600000 -1,000000 -101,000000 0,000000 0,000000
14 1673819832 1,400000 -1,000000 -101,000000 0,000000 0,000000
14 1673819833 1,400000 -1,000000 -101,000000 0,000000 0,000000
14 1673819834 1,400000 -1,000000 -101,000000 0,000000 0,000000
14 1673819835 1,400000 -1,000000 -101,000000 0,000000 0,000000
14 1673819836 1,400000 -1,000000 -101,000000 0,000000 0,000000
14 1673819837 2,800000 -1,000000 -101,000000 0,000000 0,000000
14 1673819838 2,800000 -1,000000 -101,000000 0,000000 0,000000
14 1673819839 2,800000 -1,000000 -101,000000 0,000000 0,000000
14 1673819840 2,800000 -1,000000 -101,000000 0,000000 0,000000
14 1673819841 2,800000 -1,000000 -101,000000 0,000000 0,000000
14 1673819842 2,200000 -1,000000 -101,000000 0,000000 0,000000
14 1673819843 2,200000 -1,000000 -101,000000 0,000000 0,000000
14 1673819844 2,200000 -1,000000 -101,000000 0,000000 0,000000
14 1673819845 2,200000 -1,000000 -101,000000 0,000000 0,000000
14 1673819846 2,200000 -1,000000 -101,000000 0,000000 0,000000
14 1673819847 1,000000 -1,000000 -101,000000 0,000000 0,000000
14 1673819848 1,000000 -1,000000 -101,000000 0,000000 0,000000
14 1673819849 1,000000 -1,000000 -101,000000 0,000000 0,000000
14 1673819850 1,000000 -1,000000 -101,000000 0,000000 0,000000
14 1673819851 1,000000 -1,000000 -101,000000 0,000000 0,000000
14 1673819852 1,400000 -1,000000 -101,000000 0,000000 0,000000
14 1673819853 1,400000 -1,000000 -101,000000 0,000000 0,000000
14 1673819854 1,400000 -1,000000 -101,000000 0,000000 0,000000
14 1673819855 1,400000 -1,000000 -101,000000 0,000000 0,000000
14 1673819856 1,400000 -1,000000 -101,000000 0,000000 0,000000
14 1673819857 1,400000 -1,000000 -101,000000 0,000000 0,000000
14 1673819858 1,400000 -1,000000 -101,000000 0,000000 0,000000
14 1673819859 1,400000 -1,000000 -101,000000 0,000000 0,000000
14 1673819860 1,400000 -1,000000 -101,000000 0,000000 0,000000
14 1673819861 1,400000 -1,000000 -101,000000 0,000000 0,000000
14 1673819862 1,200000 -1,000000 -101,000000 0,000000 0,000000
14 1673819863 1,200000 -1,000000 -101,000000 0,000000 0,000000
14 1673819864 1,200000 -1,000000 -101,000000 0,000000 0,000000
14 1673819865 1,200000 -1,000000 -101,000000 0,000000 0,000000
14 1673819866 1,200000 -1,000000 -101,000000 0,000000 0,000000
14 1673819867 1,000000 -1,000000 -101,000000 0,000000 0,000000
14 1673819868 1,000000 -1,000000 -101,000000 0,000000 0,000000
14 1673819869 1,000000 -1,000000 -101,000000 0,000000 0,000000
14 1673819870 1,000000 -1,000000 -101,000000 0,000000 0,000000
14 1673819871 1,000000 -1,000000 -101,000000 0,000000 0,000000
14 1673819872 0,800000 -1,000000 -101,000000 0,000000 0,000000
14 1673819873 0,800000 -1,000000 -101,000000 0,000000 0,000000
14 1673819874 0,800000 -1,000000 -101,000000 0,000000 0,000000
14 1673819875 0,800000 -1,000000 -101,000000 0,000000 0,000000
14 1673819876 0,800000 -1,000000 -101,000000 0,000000 0,000000
14 1673819877 0,200000 -1,000000 -101,000000 0,000000 0,000000
14 1673819878 0,200000 -1,000000 -101,000000 0,000000 0,000000
14 1673819879 0,200000 -1,000000 -101,000000 0,000000 0,000000
14 1673819880 0,200000 -1,000000 -101,000000 0,000000 0,000000
14 1673819881 0,200000 -1,000000 -101,000000 0,000000 0,000000
14 1673819882 0,400000 -1,000000 -101,000000 0,000000 0,000000
14 1673819883 0,400000 -1,000000 -101,000000 0,000000 0,000000
14 1673819884 0,400000 -1,000000 -101,000000 0,000000 0,000000
14 1673819885 0,400000 -1,000000 -101,000000 0,000000 0,000000
14 1673819886 0,400000 -1,000000 -101,000000 0,000000 0,000000
14 1673819887 1,600000 -1,000000 -101,000000 0,000000 0,000000
14 1673819888 1,600000 -1,000000 -101,000000 0,000000 0,000000
14 1673819889 1,600000 -1,000000 -101,000000 0,000000 0,000000
14 1673819890 1,600000 -1,000000 -101,000000 0,000000 0,000000
14 1673819891 1,600000 -1,000000 -101,000000 0,000000 0,000000
14 1673819892 0,600000 -1,000000 -101,000000 0,000000 0,000000
14 1673819893 0,600000 -1,000000 -101,000000 0,000000 0,000000
14 1673819894 0,600000 -1,000000 -101,000000 0,000000 0,000000
14 1673819895 0,600000 -1,000000 -101,000000 0,000000 0,000000
14 1673819896 0,600000 -1,000000 -101,000000 0,000000 0,000000
14 1673819897 1,000000 -1,000000 -101,000000 0,000000 0,000000
14 1673819898 1,000000 -1,000000 -101,000000 0,000000 0,000000
14 1673819899 1,000000 -1,000000 -101,000000 0,000000 0,000000
14 1673819900 1,000000 -1,000000 -101,000000 0,000000 0,000000
14 1673819901 1,000000 -1,000000 -101,000000 0,000000 0,000000
14 1673819902 0,600000 -1,000000 -101,000000 0,000000 0,000000
14 1673819903 0,600000 -1,000000 -101,000000 0,000000 0,000000
14 1673819904 0,600000 -1,000000 -101,000000 0,000000 0,000000
14 1673819905 0,600000 -1,000000 -101,000000 0,000000 0,000000
14 1673819906 0,600000 -1,000000 -101,000000 0,000000 0,000000
14 1673819907 1,000000 -1,000000 -101,000000 0,000000 0,000000
14 1673819908 1,000000 -1,000000 -101,000000 0,000000 0,000000
14 1673819909 1,000000 -1,000000 -101,000000 0,000000 0,000000
14 1673819910 1,000000 -1,000000 -101,000000 0,000000 0,000000
14 1673819911 1,000000 -1,000000 -101,000000 0,000000 0,000000
14 1673819912 1,000000 -1,000000 -101,000000 0,000000 0,000000
14 1673819913 1,000000 -1,000000 -101,000000 0,000000 0,000000
14 1673819914 1,000000 -1,000000 -101,000000 0,000000 0,000000
14 1673819915 1,000000 -1,000000 -101,000000 0,000000 0,000000
14 1673819916 1,000000 -1,000000 -101,000000 0,000000 0,000000
14 1673819917 1,400000 -1,000000 -101,000000 0,000000 0,000000
14 1673819918 1,400000 -1,000000 -101,000000 0,000000 0,000000
14 1673819919 1,400000 -1,000000 -101,000000 0,000000 0,000000
14 1673819920 1,400000 -1,000000 -101,000000 0,000000 0,000000
14 1673819921 1,400000 -1,000000 -101,000000 0,000000 0,000000
14 1673819922 2,200000 -1,000000 -101,000000 0,000000 0,000000
14 1673819923 2,200000 -1,000000 -101,000000 0,000000 0,000000
14 1673819924 2,200000 -1,000000 -101,000000 0,000000 0,000000
14 1673819925 2,200000 -1,000000 -101,000000 0,000000 0,000000
14 1673819926 2,200000 -1,000000 -101,000000 0,000000 0,000000
14 1673819927 3,200000 -1,000000 -101,000000 0,000000 0,000000
14 1673819928 3,200000 -1,000000 -101,000000 0,000000 0,000000
