34 1673818488 0,000000 0,000000 -101,000000 0,000000 0,000000
34 1673818489 0,000000 0,000000 -101,000000 0,000000 0,000000
34 1673818490 0,000000 0,000000 -101,000000 0,000000 0,000000
34 1673818491 0,000000 0,000000 -101,000000 0,000000 0,000000
34 1673818492 4,000000 0,200000 0,800000 0,800000 -20,200000
34 1673818493 4,000000 0,200000 1,600000 1,600000 -20,200000
34 1673818494 4,000000 0,200000 2,400000 2,400000 -20,200000
34 1673818495 4,000000 0,200000 3,200000 3,200000 -20,200000
34 1673818496 4,000000 0,200000 4,000000 4,000000 -20,200000
34 1673818497 1,000000 0,400000 4,400000 4,400000 -20,200000
34 1673818498 1,000000 0,400000 4,800000 4,800000 -20,200000
34 1673818499 1,000000 0,400000 5,200000 5,200000 -20,200000
34 1673818500 1,000000 0,400000 5,600000 5,600000 -20,200000
34 1673818501 1,000000 0,400000 6,000000 6,000000 -20,200000
34 1673818502 -0,666667 0,600000 5,600000 5,600000 -20,200000
34 1673818503 -0,666667 0,600000 5,200000 5,200000 -20,200000
34 1673818504 -0,666667 0,600000 4,800000 4,800000 -20,200000
34 1673818505 -0,666667 0,600000 4,400000 4,400000 -20,200000
34 1673818506 -0,666667 0,600000 4,000000 4,000000 -20,200000
34 1673818507 1,000000 0,800000 4,800000 4,800000 -20,200000
34 1673818508 1,000000 0,800000 5,600000 5,600000 -20,200000
34 1673818509 1,000000 0,800000 6,400000 6,400000 -20,200000
34 1673818510 1,000000 0,800000 7,200000 7,200000 -20,200000
34 1673818511 1,000000 0,800000 8,000000 8,000000 -20,200000
34 1673818512 -0,714286 1,400000 7,000000 7,000000 -20,200000
34 1673818513 -0,714286 1,400000 6,000000 6,000000 -20,200000
34 1673818514 -0,714286 1,400000 5,000000 5,000000 -20,200000
34 1673818515 -0,714286 1,400000 4,000000 4,000000 -20,200000
34 1673818516 -0,714286 1,400000 3,000000 3,000000 -20,200000
34 1673818517 0,000000 1,400000 3,000000 3,000000 -20,200000
34 1673818518 0,000000 1,400000 3,000000 3,000000 -20,200000
34 1673818519 0,000000 1,400000 3,000000 3,000000 -20,200000
34 1673818520 0,000000 1,400000 3,000000 3,000000 -20,200000
34 1673818521 0,000000 1,400000 3,000000 3,000000 -20,200000
34 1673818522 0,555556 1,800000 4,000000 4,000000 -20,200000
34 1673818523 0,555556 1,800000 5,000000 5,000000 -20,200000
34 1673818524 0,555556 1,800000 6,000000 6,000000 -20,200000
34 1673818525 0,555556 1,800000 7,000000 7,000000 -20,200000
34 1673818526 0,555556 1,800000 8,000000 8,000000 -20,200000
34 1673818527 -0,083333 2,400000 7,800000 7,800000 -20,200000
34 1673818528 -0,083333 2,400000 7,600000 7,600000 -20,200000
34 1673818529 -0,083333 2,400000 7,400000 7,400000 -20,200000
34 1673818530 -0,083333 2,400000 7,200000 7,200000 -20,200000
34 1673818531 -0,083333 2,400000 7,000000 7,000000 -20,200000
34 1673818532 -0,153846 2,600000 6,600000 6,600000 -20,200000
34 1673818533 -0,153846 2,600000 6,200000 6,200000 -20,200000
34 1673818534 -0,153846 2,600000 5,800000 5,800000 -20,200000
34 1673818535 -0,153846 2,600000 5,400000 5,400000 -20,200000
34 1673818536 -0,153846 2,600000 5,000000 5,000000 -20,200000
34 1673818537 0,312500 3,200000 6,000000 6,000000 -20,200000
34 1673818538 0,312500 3,200000 7,000000 7,000000 -20,200000
34 1673818539 0,312500 3,200000 8,000000 8,000000 -20,200000
34 1673818540 0,312500 3,200000 9,000000 9,000000 -20,200000
34 1673818541 0,312500 3,200000 10,000000 10,000000 -20,200000
34 1673818542 0,117647 3,400000 10,400000 10,400000 -20,200000
34 1673818543 0,117647 3,400000 10,800000 10,800000 -20,200000
34 1673818544 0,117647 3,400000 11,200000 11,200000 -20,200000
34 1673818545 0,117647 3,400000 11,600000 11,600000 -20,200000
34 1673818546 0,117647 3,400000 12,000000 12,000000 -20,200000
34 1673818547 -0,111111 3,600000 11,600000 11,600000 -20,200000
34 1673818548 -0,111111 3,600000 11,200000 11,200000 -20,200000
34 1673818549 -0,111111 3,600000 10,800000 10,800000 -20,200000
34 1673818550 -0,111111 3,600000 10,400000 10,400000 -20,200000
34 1673818551 -0,111111 3,600000 10,000000 10,000000 -20,200000
34 1673818552 0,210526 3,800000 10,800000 10,800000 -20,200000
34 1673818553 0,210526 3,800000 11,600000 11,600000 -20,200000
34 1673818554 0,210526 3,800000 12,400000 12,400000 -20,200000
34 1673818555 0,210526 3,800000 13,200000 13,200000 -20,200000
34 1673818556 0,210526 3,800000 14,000000 14,000000 -20,200000
34 1673818557 -0,043478 4,600000 13,800000 13,800000 -20,200000
34 1673818558 -0,043478 4,600000 13,600000 13,600000 -20,200000
34 1673818559 -0,043478 4,600000 13,400000 13,400000 -20,200000
34 1673818560 -0,043478 4,600000 13,200000 13,200000 -20,200000
34 1673818561 -0,043478 4,600000 13,000000 13,000000 -20,200000
34 1673818562 0,120000 5,000000 13,600000 13,600000 -20,200000
34 1673818563 0,120000 5,000000 14,200000 14,200000 -20,200000
34 1673818564 0,120000 5,000000 14,800000 14,800000 -20,200000
34 1673818565 0,120000 5,000000 15,400000 15,400000 -20,200000
34 1673818566 0,120000 5,000000 16,000000 16,000000 -20,200000
34 1673818567 0,074074 5,400000 16,400000 16,400000 -20,200000
34 1673818568 0,074074 5,400000 16,800000 16,800000 -20,200000
34 1673818569 0,074074 5,400000 17,200000 17,200000 -20,200000
34 1673818570 0,074074 5,400000 17,600000 17,600000 -20,200000
34 1673818571 0,074074 5,400000 18,000000 18,000000 -20,200000
34 1673818572 0,035714 5,600000 18,200000 18,200000 -20,200000
34 1673818573 0,035714 5,600000 18,400000 18,400000 -20,200000
34 1673818574 0,035714 5,600000 18,600000 18,600000 -20,200000
34 1673818575 0,035714 5,600000 18,800000 18,800000 -20,200000
34 1673818576 0,035714 5,600000 19,000000 19,000000 -20,200000
34 1673818577 -0,133333 6,000000 18,200000 18,200000 -20,200000
34 1673818578 -0,133333 6,000000 17,400000 17,400000 -20,200000
34 1673818579 -0,133333 6,000000 16,600000 16,600000 -20,200000
34 1673818580 -0,133333 6,000000 15,800000 15,800000 -20,200000
34 1673818581 -0,133333 6,000000 15,000000 15,000000 -20,200000
34 1673818582 0,129032 6,200000 15,800000 15,800000 -20,200000
34 1673818583 0,129032 6,200000 16,600000 16,600000 -20,200000
34 1673818584 0,129032 6,200000 17,400000 17,400000 -20,200000
34 1673818585 0,129032 6,200000 18,200000 18,200000 -20,200000
34 1673818586 0,129032 6,200000 19,000000 19,000000 -20,200000
34 1673818587 -0,085714 7,000000 18,400000 18,400000 -20,200000
34 1673818588 -0,085714 7,000000 17,800000 17,800000 -20,200000
34 1673818589 -0,085714 7,000000 17,200000 17,200000 -20,200000
34 1673818590 -0,085714 7,000000 16,600000 16,600000 -20,200000
34 1673818591 -0,085714 7,000000 16,000000 16,000000 -20,200000
34 1673818592 -0,025000 8,000000 15,800000 15,800000 -20,200000
34 1673818593 -0,025000 8,000000 15,600000 15,600000 -20,200000
34 1673818594 -0,025000 8,000000 15,400000 15,400000 -20,200000
34 1673818595 -0,025000 8,000000 15,200000 15,200000 -20,200000
34 1673818596 -0,025000 8,000000 15,000000 15,000000 -20,200000
34 1673818597 0,177778 9,000000 16,600000 16,600000 -20,200000
34 1673818598 0,177778 9,000000 18,200000 18,200000 -20,200000
34 1673818599 0,177778 9,000000 19,800000 19,800000 -20,200000
34 1673818600 0,177778 9,000000 21,400000 21,400000 -20,200000
34 1673818601 0,177778 9,000000 23,000000 23,000000 -20,200000
34 1673818602 -0,040000 10,000000 22,600000 22,600000 -20,200000
34 1673818603 -0,040000 10,000000 22,200000 22,200000 -20,200000
34 1673818604 -0,040000 10,000000 21,800000 21,800000 -20,200000
34 1673818605 -0,040000 10,000000 21,400000 21,400000 -20,200000
34 1673818606 -0,040000 10,000000 21,000000 21,000000 -20,200000
34 1673818607 -0,018519 10,800000 20,800000 20,800000 -20,200000
34 1673818608 -0,018519 10,800000 20,600000 20,600000 -20,200000
34 1673818609 -0,018519 10,800000 20,400000 20,400000 -20,200000
34 1673818610 -0,018519 10,800000 20,200000 20,200000 -20,200000
34 1673818611 -0,018519 10,800000 20,000000 20,000000 -20,200000
34 1673818612 0,050847 11,800000 20,600000 20,600000 -20,200000
34 1673818613 0,050847 11,800000 21,200000 21,200000 -20,200000
34 1673818614 0,050847 11,800000 21,800000 21,800000 -20,200000
34 1673818615 0,050847 11,800000 22,400000 22,400000 -20,200000
34 1673818616 0,050847 11,800000 23,000000 23,000000 -20,200000
34 1673818617 0,080645 12,400000 24,000000 24,000000 -20,200000
34 1673818618 0,080645 12,400000 25,000000 25,000000 -20,200000
34 1673818619 0,080645 12,400000 26,000000 26,000000 -20,200000
34 1673818620 0,080645 12,400000 27,000000 27,000000 -20,200000
34 1673818621 0,080645 12,400000 28,000000 28,000000 -20,200000
34 1673818622 0,029851 13,400000 28,400000 28,400000 -20,200000
34 1673818623 0,029851 13,400000 28,800000 28,800000 -20,200000
34 1673818624 0,029851 13,400000 29,200000 29,200000 -20,200000
34 1673818625 0,029851 13,400000 29,600000 29,600000 -20,200000
34 1673818626 0,029851 13,400000 30,000000 30,000000 -20,200000
34 1673818627 0,069444 14,400000 31,000000 31,000000 -20,200000
34 1673818628 0,069444 14,400000 32,000000 32,000000 -20,200000
34 1673818629 0,069444 14,400000 33,000000 33,000000 -20,200000
34 1673818630 0,069444 14,400000 34,000000 34,000000 -20,200000
34 1673818631 0,069444 14,400000 35,000000 35,000000 -20,200000
34 1673818632 -0,065789 15,200000 34,000000 34,000000 -20,200000
34 1673818633 -0,065789 15,200000 33,000000 33,000000 -20,200000
34 1673818634 -0,065789 15,200000 32,000000 32,000000 -20,200000
34 1673818635 -0,065789 15,200000 31,000000 31,000000 -20,200000
34 1673818636 -0,065789 15,200000 30,000000 30,000000 -20,200000
34 1673818637 -0,088608 15,800000 28,600000 28,600000 -20,200000
34 1673818638 -0,088608 15,800000 27,200000 27,200000 -20,200000
34 1673818639 -0,088608 15,800000 25,800000 25,800000 -20,200000
34 1673818640 -0,088608 15,800000 24,400000 24,400000 -20,200000
34 1673818641 -0,088608 15,800000 23,000000 23,000000 -20,200000
34 1673818642 -0,024691 16,200000 22,600000 22,600000 -20,200000
34 1673818643 -0,024691 16,200000 22,200000 22,200000 -20,200000
34 1673818644 -0,024691 16,200000 21,800000 21,800000 -20,200000
34 1673818645 -0,024691 16,200000 21,400000 21,400000 -20,200000
34 1673818646 -0,024691 16,200000 21,000000 21,000000 -20,200000
34 1673818647 0,000000 17,400000 21,000000 21,000000 -20,200000
34 1673818648 0,000000 17,400000 21,000000 21,000000 -20,200000
34 1673818649 0,000000 17,400000 21,000000 21,000000 -20,200000
34 1673818650 0,000000 17,400000 21,000000 21,000000 -20,200000
34 1673818651 0,000000 17,400000 21,000000 21,000000 -20,200000
34 1673818652 0,000000 18,200000 21,000000 21,000000 -20,200000
34 1673818653 0,000000 18,200000 21,000000 21,000000 -20,200000
34 1673818654 0,000000 18,200000 21,000000 21,000000 -20,200000
34 1673818655 0,000000 18,200000 21,000000 21,000000 -20,200000
34 1673818656 0,000000 18,200000 21,000000 21,000000 -20,200000
34 1673818657 0,053191 18,800000 22,000000 22,000000 -20,200000
34 1673818658 0,053191 18,800000 23,000000 23,000000 -20,200000
34 1673818659 0,053191 18,800000 24,000000 24,000000 -20,200000
34 1673818660 0,053191 18,800000 25,000000 25,000000 -20,200000
34 1673818661 0,053191 18,800000 26,000000 26,000000 -20,200000
34 1673818662 -0,030928 19,400000 25,400000 25,400000 -20,200000
34 1673818663 -0,030928 19,400000 24,800000 24,800000 -20,200000
34 1673818664 -0,030928 19,400000 24,200000 24,200000 -20,200000
34 1673818665 -0,030928 19,400000 23,600000 23,600000 -20,200000
34 1673818666 -0,030928 19,400000 23,000000 23,000000 -20,200000
34 1673818667 0,019608 20,400000 23,400000 23,400000 -20,200000
34 1673818668 0,019608 20,400000 23,800000 23,800000 -20,200000
34 1673818669 0,019608 20,400000 24,200000 24,200000 -20,200000
34 1673818670 0,019608 20,400000 24,600000 24,600000 -20,200000
34 1673818671 0,019608 20,400000 25,000000 25,000000 -20,200000
34 1673818672 0,028571 21,000000 25,600000 25,600000 -20,200000
34 1673818673 0,028571 21,000000 26,200000 26,200000 -20,200000
34 1673818674 0,028571 21,000000 26,800000 26,800000 -20,200000
34 1673818675 0,028571 21,000000 27,400000 27,400000 -20,200000
34 1673818676 0,028571 21,000000 28,000000 28,000000 -20,200000
34 1673818677 -0,009259 21,600000 27,800000 27,800000 -20,200000
34 1673818678 -0,009259 21,600000 27,600000 27,600000 -20,200000
34 1673818679 -0,009259 21,600000 27,400000 27,400000 -20,200000
34 1673818680 -0,009259 21,600000 27,200000 27,200000 -20,200000
34 1673818681 -0,009259 21,600000 27,000000 27,000000 -20,200000
34 1673818682 0,009009 22,200000 27,200000 27,200000 -20,200000
34 1673818683 0,009009 22,200000 27,400000 27,400000 -20,200000
34 1673818684 0,009009 22,200000 27,600000 27,600000 -20,200000
34 1673818685 0,009009 22,200000 27,800000 27,800000 -20,200000
34 1673818686 0,009009 22,200000 28,000000 28,000000 -20,200000
34 1673818687 -0,017241 23,200000 27,600000 27,600000 -20,200000
34 1673818688 -0,017241 23,200000 27,200000 27,200000 -20,200000
34 1673818689 -0,017241 23,200000 26,800000 26,800000 -20,200000
34 1673818690 -0,017241 23,200000 26,400000 26,400000 -20,200000
34 1673818691 -0,017241 23,200000 26,000000 26,000000 -20,200000
34 1673818692 0,008475 23,600000 26,200000 26,200000 -20,200000
34 1673818693 0,008475 23,600000 26,400000 26,400000 -20,200000
34 1673818694 0,008475 23,600000 26,600000 26,600000 -20,200000
34 1673818695 0,008475 23,600000 26,800000 26,800000 -20,200000
34 1673818696 0,008475 23,600000 27,000000 27,000000 -20,200000
34 1673818697 -0,016129 24,800000 26,600000 26,600000 -20,200000
34 1673818698 -0,016129 24,800000 26,200000 26,200000 -20,200000
34 1673818699 -0,016129 24,800000 25,800000 25,800000 -20,200000
34 1673818700 -0,016129 24,800000 25,400000 25,400000 -20,200000
34 1673818701 -0,016129 24,800000 25,000000 25,000000 -20,200000
34 1673818702 -0,038462 26,000000 24,000000 24,000000 -20,200000
34 1673818703 -0,038462 26,000000 23,000000 23,000000 -20,200000
34 1673818704 -0,038462 26,000000 22,000000 22,000000 -20,200000
34 1673818705 -0,038462 26,000000 21,000000 21,000000 -20,200000
34 1673818706 -0,038462 26,000000 20,000000 20,000000 -20,200000
34 1673818707 0,045113 26,600000 21,200000 21,200000 -20,200000
34 1673818708 0,045113 26,600000 22,400000 22,400000 -20,200000
34 1673818709 0,045113 26,600000 23,600000 23,600000 -20,200000
34 1673818710 0,045113 26,600000 24,800000 24,800000 -20,200000
34 1673818711 0,045113 26,600000 26,000000 26,000000 -20,200000
34 1673818712 0,014286 28,000000 26,400000 26,400000 -20,200000
34 1673818713 0,014286 28,000000 26,800000 26,800000 -20,200000
34 1673818714 0,014286 28,000000 27,200000 27,200000 -20,200000
34 1673818715 0,014286 28,000000 27,600000 27,600000 -20,200000
34 1673818716 0,014286 28,000000 28,000000 28,000000 -20,200000
34 1673818717 0,006944 28,800000 28,200000 28,200000 -20,200000
34 1673818718 0,006944 28,800000 28,400000 28,400000 -20,200000
34 1673818719 0,006944 28,800000 28,600000 28,600000 -20,200000
34 1673818720 0,006944 28,800000 28,800000 28,800000 -20,200000
34 1673818721 0,006944 28,800000 29,000000 29,000000 -20,200000
34 1673818722 0,000000 29,200000 29,000000 29,000000 -20,200000
34 1673818723 0,000000 29,200000 29,000000 29,000000 -20,200000
34 1673818724 0,000000 29,200000 29,000000 29,000000 -20,200000
34 1673818725 0,000000 29,200000 29,000000 29,000000 -20,200000
34 1673818726 0,000000 29,200000 29,000000 29,000000 -20,200000
34 1673818727 -0,013514 29,600000 28,600000 28,600000 -20,200000
34 1673818728 -0,013514 29,600000 28,200000 28,200000 -20,200000
34 1673818729 -0,013514 29,600000 27,800000 27,800000 -20,200000
34 1673818730 -0,013514 29,600000 27,400000 27,400000 -20,200000
34 1673818731 -0,013514 29,600000 27,000000 27,000000 -20,200000
34 1673818732 -0,013072 30,600000 26,600000 26,600000 -20,200000
34 1673818733 -0,013072 30,600000 26,200000 26,200000 -20,200000
34 1673818734 -0,013072 30,600000 25,800000 25,800000 -20,200000
34 1673818735 -0,013072 30,600000 25,400000 25,400000 -20,200000
34 1673818736 -0,013072 30,600000 25,000000 25,000000 -20,200000
34 1673818737 -0,012658 31,600000 24,600000 24,600000 -20,200000
34 1673818738 -0,012658 31,600000 24,200000 24,200000 -20,200000
34 1673818739 -0,012658 31,600000 23,800000 23,800000 -20,200000
34 1673818740 -0,012658 31,600000 23,400000 23,400000 -20,200000
34 1673818741 -0,012658 31,600000 23,000000 23,000000 -20,200000
34 1673818742 0,012422 32,200000 23,400000 23,400000 -20,200000
34 1673818743 0,012422 32,200000 23,800000 23,800000 -20,200000
34 1673818744 0,012422 32,200000 24,200000 24,200000 -20,200000
34 1673818745 0,012422 32,200000 24,600000 24,600000 -20,200000
34 1673818746 0,012422 32,200000 25,000000 25,000000 -20,200000
34 1673818747 0,017964 33,400000 25,600000 25,600000 -20,200000
34 1673818748 0,017964 33,400000 26,200000 26,200000 -20,200000
34 1673818749 0,017964 33,400000 26,800000 26,800000 -20,200000
34 1673818750 0,017964 33,400000 27,400000 27,400000 -20,200000
34 1673818751 0,017964 33,400000 28,000000 28,000000 -20,200000
34 1673818752 -0,017544 34,200000 27,400000 27,400000 -20,200000
34 1673818753 -0,017544 34,200000 26,800000 26,800000 -20,200000
34 1673818754 -0,017544 34,200000 26,200000 26,200000 -20,200000
34 1673818755 -0,017544 34,200000 25,600000 25,600000 -20,200000
34 1673818756 -0,017544 34,200000 25,000000 25,000000 -20,200000
34 1673818757 0,000000 35,200000 25,000000 25,000000 -20,200000
34 1673818758 0,000000 35,200000 25,000000 25,000000 -20,200000
34 1673818759 0,000000 35,200000 25,000000 25,000000 -20,200000
34 1673818760 0,000000 35,200000 25,000000 25,000000 -20,200000
34 1673818761 0,000000 35,200000 25,000000 25,000000 -20,200000
34 1673818762 -0,011236 35,600000 24,600000 24,600000 -20,200000
34 1673818763 -0,011236 35,600000 24,200000 24,200000 -20,200000
34 1673818764 -0,011236 35,600000 23,800000 23,800000 -20,200000
34 1673818765 -0,011236 35,600000 23,400000 23,400000 -20,200000
34 1673818766 -0,011236 35,600000 23,000000 23,000000 -20,200000
34 1673818767 -0,011050 36,200000 22,600000 22,600000 -20,200000
34 1673818768 -0,011050 36,200000 22,200000 22,200000 -20,200000
34 1673818769 -0,011050 36,200000 21,800000 21,800000 -20,200000
34 1673818770 -0,011050 36,200000 21,400000 21,400000 -20,200000
34 1673818771 -0,011050 36,200000 21,000000 21,000000 -20,200000
34 1673818772 0,016129 37,200000 21,600000 21,600000 -20,200000
34 1673818773 0,016129 37,200000 22,200000 22,200000 -20,200000
34 1673818774 0,016129 37,200000 22,800000 22,800000 -20,200000
34 1673818775 0,016129 37,200000 23,400000 23,400000 -20,200000
34 1673818776 0,016129 37,200000 24,000000 24,000000 -20,200000
34 1673818777 0,010638 37,600000 24,400000 24,400000 -20,200000
34 1673818778 0,010638 37,600000 24,800000 24,800000 -20,200000
34 1673818779 0,010638 37,600000 25,200000 25,200000 -20,200000
34 1673818780 0,010638 37,600000 25,600000 25,600000 -20,200000
34 1673818781 0,010638 37,600000 26,000000 26,000000 -20,200000
34 1673818782 -0,005236 38,200000 25,800000 25,800000 -20,200000
34 1673818783 -0,005236 38,200000 25,600000 25,600000 -20,200000
34 1673818784 -0,005236 38,200000 25,400000 25,400000 -20,200000
34 1673818785 -0,005236 38,200000 25,200000 25,200000 -20,200000
34 1673818786 -0,005236 38,200000 25,000000 25,000000 -20,200000
34 1673818787 0,010417 38,400000 25,400000 25,400000 -20,200000
34 1673818788 0,010417 38,400000 25,800000 25,800000 -20,200000
34 1673818789 0,010417 38,400000 26,200000 26,200000 -20,200000
34 1673818790 0,010417 38,400000 26,600000 26,600000 -20,200000
34 1673818791 0,010417 38,400000 27,000000 27,000000 -20,200000
34 1673818792 -0,005076 39,400000 26,800000 26,800000 -20,200000
34 1673818793 -0,005076 39,400000 26,600000 26,600000 -20,200000
34 1673818794 -0,005076 39,400000 26,400000 26,400000 -20,200000
34 1673818795 -0,005076 39,400000 26,200000 26,200000 -20,200000
34 1673818796 -0,005076 39,400000 26,000000 26,000000 -20,200000
34 1673818797 0,004975 40,200000 26,200000 26,200000 -20,200000
34 1673818798 0,004975 40,200000 26,400000 26,400000 -20,200000
34 1673818799 0,004975 40,200000 26,600000 26,600000 -20,200000
34 1673818800 0,004975 40,200000 26,800000 26,800000 -20,200000
34 1673818801 0,004975 40,200000 27,000000 27,000000 -20,200000
34 1673818802 0,024155 41,400000 28,000000 28,000000 -20,200000
34 1673818803 0,024155 41,400000 29,000000 29,000000 -20,200000
34 1673818804 0,024155 41,400000 30,000000 30,000000 -20,200000
34 1673818805 0,024155 41,400000 31,000000 31,000000 -20,200000
34 1673818806 0,024155 41,400000 32,000000 32,000000 -20,200000
34 1673818807 -0,014085 42,600000 31,400000 31,400000 -20,200000
34 1673818808 -0,014085 42,600000 30,800000 30,800000 -20,200000
34 1673818809 -0,014085 42,600000 30,200000 30,200000 -20,200000
34 1673818810 -0,014085 42,600000 29,600000 29,600000 -20,200000
34 1673818811 -0,014085 42,600000 29,000000 29,000000 -20,200000
34 1673818812 -0,004587 43,600000 28,800000 28,800000 -20,200000
34 1673818813 -0,004587 43,600000 28,600000 28,600000 -20,200000
34 1673818814 -0,004587 43,600000 28,400000 28,400000 -20,200000
34 1673818815 -0,004587 43,600000 28,200000 28,200000 -20,200000
34 1673818816 -0,004587 43,600000 28,000000 28,000000 -20,200000
34 1673818817 0,000000 45,200000 28,000000 28,000000 -20,200000
34 1673818818 0,000000 45,200000 28,000000 28,000000 -20,200000
34 1673818819 0,000000 45,200000 28,000000 28,000000 -20,200000
34 1673818820 0,000000 45,200000 28,000000 28,000000 -20,200000
34 1673818821 0,000000 45,200000 28,000000 28,000000 -20,200000
34 1673818822 -0,017241 46,400000 27,200000 27,200000 -20,200000
34 1673818823 -0,017241 46,400000 26,400000 26,400000 -20,200000
34 1673818824 -0,017241 46,400000 25,600000 25,600000 -20,200000
34 1673818825 -0,017241 46,400000 24,800000 24,800000 -20,200000
34 1673818826 -0,017241 46,400000 24,000000 24,000000 -20,200000
34 1673818827 0,004292 46,600000 24,200000 24,200000 -20,200000
34 1673818828 0,004292 46,600000 24,400000 24,400000 -20,200000
34 1673818829 0,004292 46,600000 24,600000 24,600000 -20,200000
34 1673818830 0,004292 46,600000 24,800000 24,800000 -20,200000
34 1673818831 0,004292 46,600000 25,000000 25,000000 -20,200000
34 1673818832 -0,012712 47,200000 24,400000 24,400000 -20,200000
34 1673818833 -0,012712 47,200000 23,800000 23,800000 -20,200000
34 1673818834 -0,012712 47,200000 23,200000 23,200000 -20,200000
34 1673818835 -0,012712 47,200000 22,600000 22,600000 -20,200000
34 1673818836 -0,012712 47,200000 22,000000 22,000000 -20,200000
34 1673818837 0,000000 47,600000 22,000000 22,000000 -20,200000
34 1673818838 0,000000 47,600000 22,000000 22,000000 -20,200000
34 1673818839 0,000000 47,600000 22,000000 22,000000 -20,200000
34 1673818840 0,000000 47,600000 22,000000 22,000000 -20,200000
34 1673818841 0,000000 47,600000 22,000000 22,000000 -20,200000
34 1673818842 -0,008299 48,200000 21,600000 21,600000 -20,200000
34 1673818843 -0,008299 48,200000 21,200000 21,200000 -20,200000
34 1673818844 -0,008299 48,200000 20,800000 20,800000 -20,200000
34 1673818845 -0,008299 48,200000 20,400000 20,400000 -20,200000
34 1673818846 -0,008299 48,200000 20,000000 20,000000 -20,200000
34 1673818847 0,000000 49,000000 20,000000 20,000000 -20,200000
34 1673818848 0,000000 49,000000 20,000000 20,000000 -20,200000
34 1673818849 0,000000 49,000000 20,000000 20,000000 -20,200000
34 1673818850 0,000000 49,000000 20,000000 20,000000 -20,200000
34 1673818851 0,000000 49,000000 20,000000 20,000000 -20,200000
34 1673818852 0,004065 49,200000 20,200000 20,200000 -20,200000
34 1673818853 0,004065 49,200000 20,400000 20,400000 -20,200000
34 1673818854 0,004065 49,200000 20,600000 20,600000 -20,200000
34 1673818855 0,004065 49,200000 20,800000 20,800000 -20,200000
34 1673818856 0,004065 49,200000 21,000000 21,000000 -20,200000
34 1673818857 -0,004049 49,400000 20,800000 20,800000 -20,200000
34 1673818858 -0,004049 49,400000 20,600000 20,600000 -20,200000
34 1673818859 -0,004049 49,400000 20,400000 20,400000 -20,200000
34 1673818860 -0,004049 49,400000 20,200000 20,200000 -20,200000
34 1673818861 -0,004049 49,400000 20,000000 20,000000 -20,200000
34 1673818862 0,012097 49,600000 20,600000 20,600000 -20,200000
34 1673818863 0,012097 49,600000 21,200000 21,200000 -20,200000
34 1673818864 0,012097 49,600000 21,800000 21,800000 -20,200000
34 1673818865 0,012097 49,600000 22,400000 22,400000 -20,200000
34 1673818866 0,012097 49,600000 23,000000 23,000000 -20,200000
34 1673818867 0,000000 50,200000 23,000000 23,000000 -20,200000
34 1673818868 0,000000 50,200000 23,000000 23,000000 -20,200000
34 1673818869 0,000000 50,200000 23,000000 23,000000 -20,200000
34 1673818870 0,000000 50,200000 23,000000 23,000000 -20,200000
34 1673818871 0,000000 50,200000 23,000000 23,000000 -20,200000
34 1673818872 0,015810 50,600000 23,800000 23,800000 -20,200000
34 1673818873 0,015810 50,600000 24,600000 24,600000 -20,200000
34 1673818874 0,015810 50,600000 25,400000 25,400000 -20,200000
34 1673818875 0,015810 50,600000 26,200000 26,200000 -20,200000
34 1673818876 0,015810 50,600000 27,000000 27,000000 -20,200000
34 1673818877 0,019305 51,800000 28,000000 28,000000 -20,200000
34 1673818878 0,019305 51,800000 29,000000 29,000000 -20,200000
34 1673818879 0,019305 51,800000 30,000000 30,000000 -20,200000
34 1673818880 0,019305 51,800000 31,000000 31,000000 -20,200000
34 1673818881 0,019305 51,800000 32,000000 32,000000 -20,200000
34 1673818882 0,018727 53,400000 33,000000 33,000000 -20,200000
34 1673818883 0,018727 53,400000 34,000000 34,000000 -20,200000
34 1673818884 0,018727 53,400000 35,000000 35,000000 -20,200000
34 1673818885 0,018727 53,400000 36,000000 36,000000 -20,200000
34 1673818886 0,018727 53,400000 37,000000 37,000000 -20,200000
34 1673818887 -0,018182 55,000000 36,000000 36,000000 -20,200000
34 1673818888 -0,018182 55,000000 35,000000 35,000000 -20,200000
34 1673818889 -0,018182 55,000000 34,000000 34,000000 -20,200000
34 1673818890 -0,018182 55,000000 33,000000 33,000000 -20,200000
34 1673818891 -0,018182 55,000000 32,000000 32,000000 -20,200000
34 1673818892 -0,010638 56,400000 31,400000 31,400000 -20,200000
34 1673818893 -0,010638 56,400000 30,800000 30,800000 -20,200000
34 1673818894 -0,010638 56,400000 30,200000 30,200000 -20,200000
34 1673818895 -0,010638 56,400000 29,600000 29,600000 -20,200000
34 1673818896 -0,010638 56,400000 29,000000 29,000000 -20,200000
34 1673818897 -0,020979 57,200000 27,800000 27,800000 -20,200000
34 1673818898 -0,020979 57,200000 26,600000 26,600000 -20,200000
34 1673818899 -0,020979 57,200000 25,400000 25,400000 -20,200000
34 1673818900 -0,020979 57,200000 24,200000 24,200000 -20,200000
34 1673818901 -0,020979 57,200000 23,000000 23,000000 -20,200000
34 1673818902 -0,010274 58,400000 22,400000 22,400000 -20,200000
34 1673818903 -0,010274 58,400000 21,800000 21,800000 -20,200000
34 1673818904 -0,010274 58,400000 21,200000 21,200000 -20,200000
34 1673818905 -0,010274 58,400000 20,600000 20,600000 -20,200000
34 1673818906 -0,010274 58,400000 20,000000 20,000000 -20,200000
34 1673818907 0,006734 59,400000 20,400000 20,400000 -20,200000
34 1673818908 0,006734 59,400000 20,800000 20,800000 -20,200000
34 1673818909 0,006734 59,400000 21,200000 21,200000 -20,200000
34 1673818910 0,006734 59,400000 21,600000 21,600000 -20,200000
34 1673818911 0,006734 59,400000 22,000000 22,000000 -20,200000
34 1673818912 0,006645 60,200000 22,400000 22,400000 -20,200000
34 1673818913 0,006645 60,200000 22,800000 22,800000 -20,200000
34 1673818914 0,006645 60,200000 23,200000 23,200000 -20,200000
34 1673818915 0,006645 60,200000 23,600000 23,600000 -20,200000
34 1673818916 0,006645 60,200000 24,000000 24,000000 -20,200000
34 1673818917 -0,006557 61,000000 23,600000 23,600000 -20,200000
34 1673818918 -0,006557 61,000000 23,200000 23,200000 -20,200000
34 1673818919 -0,006557 61,000000 22,800000 22,800000 -20,200000
34 1673818920 -0,006557 61,000000 22,400000 22,400000 -20,200000
34 1673818921 -0,006557 61,000000 22,000000 22,000000 -20,200000
34 1673818922 0,006536 61,200000 22,400000 22,400000 -20,200000
34 1673818923 0,006536 61,200000 22,800000 22,800000 -20,200000
34 1673818924 0,006536 61,200000 23,200000 23,200000 -20,200000
34 1673818925 0,006536 61,200000 23,600000 23,600000 -20,200000
34 1673818926 0,006536 61,200000 24,000000 24,000000 -20,200000
34 1673818927 0,003257 61,400000 24,200000 24,200000 -20,200000
34 1673818928 0,003257 61,400000 24,400000 24,400000 -20,200000
34 1673818929 0,003257 61,400000 24,600000 24,600000 -20,200000
34 1673818930 0,003257 61,400000 24,800000 24,800000 -20,200000
34 1673818931 0,003257 61,400000 25,000000 25,000000 -20,200000
34 1673818932 0,003236 61,800000 25,200000 25,200000 -20,200000
34 1673818933 0,003236 61,800000 25,400000 25,400000 -20,200000
34 1673818934 0,003236 61,800000 25,600000 25,600000 -20,200000
34 1673818935 0,003236 61,800000 25,800000 25,800000 -20,200000
34 1673818936 0,003236 61,800000 26,000000 26,000000 -20,200000
34 1673818937 0,009646 62,200000 26,600000 26,600000 -20,200000
34 1673818938 0,009646 62,200000 27,200000 27,200000 -20,200000
34 1673818939 0,009646 62,200000 27,800000 27,800000 -20,200000
34 1673818940 0,009646 62,200000 28,400000 28,400000 -20,200000
34 1673818941 0,009646 62,200000 29,000000 29,000000 -20,200000
34 1673818942 -0,009554 62,800000 28,400000 28,400000 -20,200000
34 1673818943 -0,009554 62,800000 27,800000 27,800000 -20,200000
34 1673818944 -0,009554 62,800000 27,200000 27,200000 -20,200000
34 1673818945 -0,009554 62,800000 26,600000 26,600000 -20,200000
34 1673818946 -0,009554 62,800000 26,000000 26,000000 -20,200000
34 1673818947 0,000000 63,000000 26,000000 26,000000 -20,200000
34 1673818948 0,000000 63,000000 26,000000 26,000000 -20,200000
34 1673818949 0,000000 63,000000 26,000000 26,000000 -20,200000
34 1673818950 0,000000 63,000000 26,000000 26,000000 -20,200000
34 1673818951 0,000000 63,000000 26,000000 26,000000 -20,200000
34 1673818952 -0,003115 64,200000 25,800000 25,800000 -20,200000
34 1673818953 -0,003115 64,200000 25,600000 25,600000 -20,200000
34 1673818954 -0,003115 64,200000 25,400000 25,400000 -20,200000
34 1673818955 -0,003115 64,200000 25,200000 25,200000 -20,200000
34 1673818956 -0,003115 64,200000 25,000000 25,000000 -20,200000
34 1673818957 -0,015432 64,800000 24,000000 24,000000 -20,200000
34 1673818958 -0,015432 64,800000 23,000000 23,000000 -20,200000
34 1673818959 -0,015432 64,800000 22,000000 22,000000 -20,200000
34 1673818960 -0,015432 64,800000 21,000000 21,000000 -20,200000
34 1673818961 -0,015432 64,800000 20,000000 20,000000 -20,200000
34 1673818962 0,012195 65,600000 20,800000 20,800000 -20,200000
34 1673818963 0,012195 65,600000 21,600000 21,600000 -20,200000
34 1673818964 0,012195 65,600000 22,400000 22,400000 -20,200000
34 1673818965 0,012195 65,600000 23,200000 23,200000 -20,200000
34 1673818966 0,012195 65,600000 24,000000 24,000000 -20,200000
34 1673818967 0,017751 67,600000 25,200000 25,200000 -20,200000
34 1673818968 0,017751 67,600000 26,400000 26,400000 -20,200000
34 1673818969 0,017751 67,600000 27,600000 27,600000 -20,200000
34 1673818970 0,017751 67,600000 28,800000 28,800000 -20,200000
34 1673818971 0,017751 67,600000 30,000000 30,000000 -20,200000
34 1673818972 -0,002915 68,600000 29,800000 29,800000 -20,200000
34 1673818973 -0,002915 68,600000 29,600000 29,600000 -20,200000
34 1673818974 -0,002915 68,600000 29,400000 29,400000 -20,200000
34 1673818975 -0,002915 68,600000 29,200000 29,200000 -20,200000
34 1673818976 -0,002915 68,600000 29,000000 29,000000 -20,200000
34 1673818977 0,000000 69,400000 29,000000 29,000000 -20,200000
34 1673818978 0,000000 69,400000 29,000000 29,000000 -20,200000
34 1673818979 0,000000 69,400000 29,000000 29,000000 -20,200000
34 1673818980 0,000000 69,400000 29,000000 29,000000 -20,200000
34 1673818981 0,000000 69,400000 29,000000 29,000000 -20,200000
34 1673818982 -0,002817 71,000000 28,800000 28,800000 -20,200000
34 1673818983 -0,002817 71,000000 28,600000 28,600000 -20,200000
34 1673818984 -0,002817 71,000000 28,400000 28,400000 -20,200000
34 1673818985 -0,002817 71,000000 28,200000 28,200000 -20,200000
34 1673818986 -0,002817 71,000000 28,000000 28,000000 -20,200000
34 1673818987 -0,013812 72,400000 27,000000 27,000000 -20,200000
34 1673818988 -0,013812 72,400000 26,000000 26,000000 -20,200000
34 1673818989 -0,013812 72,400000 25,000000 25,000000 -20,200000
34 1673818990 -0,013812 72,400000 24,000000 24,000000 -20,200000
34 1673818991 -0,013812 72,400000 23,000000 23,000000 -20,200000
34 1673818992 -0,005495 72,800000 22,600000 22,600000 -20,200000
34 1673818993 -0,005495 72,800000 22,200000 22,200000 -20,200000
34 1673818994 -0,005495 72,800000 21,800000 21,800000 -20,200000
34 1673818995 -0,005495 72,800000 21,400000 21,400000 -20,200000
34 1673818996 -0,005495 72,800000 21,000000 21,000000 -20,200000
34 1673818997 0,005479 73,000000 21,400000 21,400000 -20,200000
34 1673818998 0,005479 73,000000 21,800000 21,800000 -20,200000
34 1673818999 0,005479 73,000000 22,200000 22,200000 -20,200000
34 1673819000 0,005479 73,000000 22,600000 22,600000 -20,200000
34 1673819001 0,005479 73,000000 23,000000 23,000000 -20,200000
34 1673819002 0,010870 73,600000 23,800000 23,800000 -20,200000
34 1673819003 0,010870 73,600000 24,600000 24,600000 -20,200000
34 1673819004 0,010870 73,600000 25,400000 25,400000 -20,200000
34 1673819005 0,010870 73,600000 26,200000 26,200000 -20,200000
34 1673819006 0,010870 73,600000 27,000000 27,000000 -20,200000
34 1673819007 0,000000 74,200000 27,000000 27,000000 -20,200000
34 1673819008 0,000000 74,200000 27,000000 27,000000 -20,200000
34 1673819009 0,000000 74,200000 27,000000 27,000000 -20,200000
34 1673819010 0,000000 74,200000 27,000000 27,000000 -20,200000
34 1673819011 0,000000 74,200000 27,000000 27,000000 -20,200000
34 1673819012 0,002681 74,600000 27,200000 27,200000 -20,200000
34 1673819013 0,002681 74,600000 27,400000 27,400000 -20,200000
34 1673819014 0,002681 74,600000 27,600000 27,600000 -20,200000
34 1673819015 0,002681 74,600000 27,800000 27,800000 -20,200000
34 1673819016 0,002681 74,600000 28,000000 28,000000 -20,200000
34 1673819017 -0,013298 75,200000 27,000000 27,000000 -20,200000
34 1673819018 -0,013298 75,200000 26,000000 26,000000 -20,200000
34 1673819019 -0,013298 75,200000 25,000000 25,000000 -20,200000
34 1673819020 -0,013298 75,200000 24,000000 24,000000 -20,200000
34 1673819082 0,000000 1,000000 28,000000 28,000000 10201,000000
34 1673819081 -1,000000 0,200000 28,000000 28,000000 2040,208000
34 1673819080 -1,000000 0,200000 28,200000 28,200000 2040,208000
34 1673819079 -1,000000 0,200000 28,400000 28,400000 2040,208000
34 1673819078 -1,000000 0,200000 28,600000 28,600000 2040,208000
34 1673819077 -1,000000 0,200000 28,800000 28,800000 2040,208000
34 1673819076 -2,000000 0,200000 29,000000 29,000000 2040,232000
34 1673819075 -2,000000 0,200000 29,400000 29,400000 2040,232000
34 1673819074 -2,000000 0,200000 29,800000 29,800000 2040,232000
34 1673819073 -2,000000 0,200000 30,200000 30,200000 2040,232000
34 1673819072 -2,000000 0,200000 30,600000 30,600000 2040,232000
34 1673819071 3,000000 0,200000 31,000000 31,000000 2040,272000
34 1673819070 3,000000 0,200000 30,400000 30,400000 2040,272000
34 1673819069 3,000000 0,200000 29,800000 29,800000 2040,272000
34 1673819068 3,000000 0,200000 29,200000 29,200000 2040,272000
34 1673819067 3,000000 0,200000 28,600000 28,600000 2040,272000
34 1673819066 0,000000 0,200000 28,000000 28,000000 2040,200000
34 1673819065 0,000000 0,200000 28,000000 28,000000 2040,200000
34 1673819064 0,000000 0,200000 28,000000 28,000000 2040,200000
34 1673819063 0,000000 0,200000 28,000000 28,000000 2040,200000
34 1673819062 0,000000 0,200000 28,000000 28,000000 2040,200000
34 1673819061 2,000000 0,200000 28,000000 28,000000 2040,232000
34 1673819060 2,000000 0,200000 27,600000 27,600000 2040,232000
34 1673819059 2,000000 0,200000 27,200000 27,200000 2040,232000
34 1673819058 2,000000 0,200000 26,800000 26,800000 2040,232000
34 1673819057 2,000000 0,200000 26,400000 26,400000 2040,232000
34 1673819056 1,000000 0,200000 26,000000 26,000000 2040,208000
34 1673819055 1,000000 0,200000 25,800000 25,800000 2040,208000
34 1673819054 1,000000 0,200000 25,600000 25,600000 2040,208000
34 1673819053 1,000000 0,200000 25,400000 25,400000 2040,208000
34 1673819052 1,000000 0,200000 25,200000 25,200000 2040,208000
34 1673819051 -2,000000 0,200000 25,000000 25,000000 2040,232000
34 1673819050 -2,000000 0,200000 25,400000 25,400000 2040,232000
34 1673819049 -2,000000 0,200000 25,800000 25,800000 2040,232000
34 1673819048 -2,000000 0,200000 26,200000 26,200000 2040,232000
34 1673819047 -2,000000 0,200000 26,600000 26,600000 2040,232000
34 1673819046 1,000000 0,200000 27,000000 27,000000 2040,208000
34 1673819045 1,000000 0,200000 26,800000 26,800000 2040,208000
34 1673819044 1,000000 0,200000 26,600000 26,600000 2040,208000
34 1673819043 1,000000 0,200000 26,400000 26,400000 2040,208000
34 1673819042 1,000000 0,200000 26,200000 26,200000 2040,208000
34 1673819041 -1,000000 0,200000 26,000000 26,000000 2040,208000
34 1673819040 -1,000000 0,200000 26,200000 26,200000 2040,208000
34 1673819039 -1,000000 0,200000 26,400000 26,400000 2040,208000
34 1673819038 -1,000000 0,200000 26,600000 26,600000 2040,208000
34 1673819037 -1,000000 0,200000 26,800000 26,800000 2040,208000
34 1673819036 1,000000 0,200000 27,000000 27,000000 2040,208000
34 1673819035 1,000000 0,200000 26,800000 26,800000 2040,208000
34 1673819034 1,000000 0,200000 26,600000 26,600000 2040,208000
34 1673819033 1,000000 0,200000 26,400000 26,400000 2040,208000
34 1673819032 1,000000 0,200000 26,200000 26,200000 2040,208000
34 1673819031 6,000000 0,200000 26,000000 26,000000 2040,488000
34 1673819030 6,000000 0,200000 24,800000 24,800000 2040,488000
34 1673819029 6,000000 0,200000 23,600000 23,600000 2040,488000
34 1673819028 6,000000 0,200000 22,400000 22,400000 2040,488000
34 1673819027 6,000000 0,200000 21,200000 21,200000 2040,488000
34 1673819026 -3,000000 0,200000 20,000000 20,000000 2040,272000
34 1673819025 -3,000000 0,200000 20,600000 20,600000 2040,272000
34 1673819024 -3,000000 0,200000 21,200000 21,200000 2040,272000
34 1673819023 -3,000000 0,200000 21,800000 21,800000 2040,272000
34 1673819022 -3,000000 0,200000 22,400000 22,400000 2040,272000
34 1673819021 -5,000000 0,200000 23,000000 23,000000 2040,400000
34 1673819021 -0,013298 75,200000 23,000000 23,000000 -20,200000
34 1673819022 -0,007937 75,600000 22,400000 22,400000 -20,200000
34 1673819023 -0,007937 75,600000 21,800000 21,800000 -20,200000
34 1673819024 -0,007937 75,600000 21,200000 21,200000 -20,200000
34 1673819025 -0,007937 75,600000 20,600000 20,600000 -20,200000
34 1673819026 -0,007937 75,600000 20,000000 20,000000 -20,200000
34 1673819027 0,015666 76,600000 21,200000 21,200000 -20,200000
34 1673819028 0,015666 76,600000 22,400000 22,400000 -20,200000
34 1673819029 0,015666 76,600000 23,600000 23,600000 -20,200000
34 1673819030 0,015666 76,600000 24,800000 24,800000 -20,200000
34 1673819031 0,015666 76,600000 26,000000 26,000000 -20,200000
34 1673819032 0,002577 77,600000 26,200000 26,200000 -20,200000
34 1673819033 0,002577 77,600000 26,400000 26,400000 -20,200000
34 1673819034 0,002577 77,600000 26,600000 26,600000 -20,200000
34 1673819035 0,002577 77,600000 26,800000 26,800000 -20,200000
34 1673819036 0,002577 77,600000 27,000000 27,000000 -20,200000
34 1673819037 -0,002545 78,600000 26,800000 26,800000 -20,200000
34 1673819038 -0,002545 78,600000 26,600000 26,600000 -20,200000
34 1673819039 -0,002545 78,600000 26,400000 26,400000 -20,200000
34 1673819040 -0,002545 78,600000 26,200000 26,200000 -20,200000
34 1673819041 -0,002545 78,600000 26,000000 26,000000 -20,200000
34 1673819042 0,002532 79,000000 26,200000 26,200000 -20,200000
34 1673819043 0,002532 79,000000 26,400000 26,400000 -20,200000
34 1673819044 0,002532 79,000000 26,600000 26,600000 -20,200000
34 1673819045 0,002532 79,000000 26,800000 26,800000 -20,200000
34 1673819046 0,002532 79,000000 27,000000 27,000000 -20,200000
34 1673819047 -0,005025 79,600000 26,600000 26,600000 -20,200000
34 1673819048 -0,005025 79,600000 26,200000 26,200000 -20,200000
34 1673819049 -0,005025 79,600000 25,800000 25,800000 -20,200000
34 1673819050 -0,005025 79,600000 25,400000 25,400000 -20,200000
34 1673819051 -0,005025 79,600000 25,000000 25,000000 -20,200000
34 1673819052 0,002494 80,200000 25,200000 25,200000 -20,200000
34 1673819053 0,002494 80,200000 25,400000 25,400000 -20,200000
34 1673819054 0,002494 80,200000 25,600000 25,600000 -20,200000
34 1673819055 0,002494 80,200000 25,800000 25,800000 -20,200000
34 1673819056 0,002494 80,200000 26,000000 26,000000 -20,200000
34 1673819057 0,004914 81,400000 26,400000 26,400000 -20,200000
34 1673819058 0,004914 81,400000 26,800000 26,800000 -20,200000
34 1673819059 0,004914 81,400000 27,200000 27,200000 -20,200000
34 1673819060 0,004914 81,400000 27,600000 27,600000 -20,200000
34 1673819061 0,004914 81,400000 28,000000 28,000000 -20,200000
34 1673819062 0,000000 82,400000 28,000000 28,000000 -20,200000
34 1673819063 0,000000 82,400000 28,000000 28,000000 -20,200000
34 1673819064 0,000000 82,400000 28,000000 28,000000 -20,200000
34 1673819065 0,000000 82,400000 28,000000 28,000000 -20,200000
34 1673819066 0,000000 82,400000 28,000000 28,000000 -20,200000
34 1673819067 0,007212 83,200000 28,600000 28,600000 -20,200000
34 1673819068 0,007212 83,200000 29,200000 29,200000 -20,200000
34 1673819069 0,007212 83,200000 29,800000 29,800000 -20,200000
34 1673819070 0,007212 83,200000 30,400000 30,400000 -20,200000
34 1673819071 0,007212 83,200000 31,000000 31,000000 -20,200000
34 1673819072 -0,004728 84,600000 30,600000 30,600000 -20,200000
34 1673819073 -0,004728 84,600000 30,200000 30,200000 -20,200000
34 1673819074 -0,004728 84,600000 29,800000 29,800000 -20,200000
34 1673819075 -0,004728 84,600000 29,400000 29,400000 -20,200000
34 1673819076 -0,004728 84,600000 29,000000 29,000000 -20,200000
34 1673819077 -0,002326 86,000000 28,800000 28,800000 -20,200000
34 1673819078 -0,002326 86,000000 28,600000 28,600000 -20,200000
34 1673819079 -0,002326 86,000000 28,400000 28,400000 -20,200000
34 1673819080 -0,002326 86,000000 28,200000 28,200000 -20,200000
34 1673819081 -0,002326 86,000000 28,000000 28,000000 -20,200000
34 1673819082 0,000000 86,600000 28,000000 28,000000 -20,200000
34 1673819083 0,000000 86,600000 28,000000 28,000000 -20,200000
34 1673819084 0,000000 86,600000 28,000000 28,000000 -20,200000
34 1673819085 0,000000 86,600000 28,000000 28,000000 -20,200000
34 1673819086 0,000000 86,600000 28,000000 28,000000 -20,200000
34 1673819087 -0,009174 87,200000 27,200000 27,200000 -20,200000
34 1673819088 -0,009174 87,200000 26,400000 26,400000 -20,200000
34 1673819089 -0,009174 87,200000 25,600000 25,600000 -20,200000
34 1673819090 -0,009174 87,200000 24,800000 24,800000 -20,200000
34 1673819091 -0,009174 87,200000 24,000000 24,000000 -20,200000
34 1673819092 -0,002278 87,800000 23,800000 23,800000 -20,200000
34 1673819093 -0,002278 87,800000 23,600000 23,600000 -20,200000
34 1673819094 -0,002278 87,800000 23,400000 23,400000 -20,200000
34 1673819095 -0,002278 87,800000 23,200000 23,200000 -20,200000
34 1673819096 -0,002278 87,800000 23,000000 23,000000 -20,200000
34 1673819097 -0,002257 88,600000 22,800000 22,800000 -20,200000
34 1673819098 -0,002257 88,600000 22,600000 22,600000 -20,200000
34 1673819099 -0,002257 88,600000 22,400000 22,400000 -20,200000
34 1673819100 -0,002257 88,600000 22,200000 22,200000 -20,200000
34 1673819101 -0,002257 88,600000 22,000000 22,000000 -20,200000
34 1673819102 0,004484 89,200000 22,400000 22,400000 -20,200000
34 1673819103 0,004484 89,200000 22,800000 22,800000 -20,200000
34 1673819104 0,004484 89,200000 23,200000 23,200000 -20,200000
34 1673819105 0,004484 89,200000 23,600000 23,600000 -20,200000
34 1673819106 0,004484 89,200000 24,000000 24,000000 -20,200000
34 1673819107 0,000000 89,600000 24,000000 24,000000 -20,200000
34 1673819108 0,000000 89,600000 24,000000 24,000000 -20,200000
34 1673819109 0,000000 89,600000 24,000000 24,000000 -20,200000
34 1673819110 0,000000 89,600000 24,000000 24,000000 -20,200000
34 1673819111 0,000000 89,600000 24,000000 24,000000 -20,200000
34 1673819112 -0,002217 90,200000 23,800000 23,800000 -20,200000
34 1673819113 -0,002217 90,200000 23,600000 23,600000 -20,200000
34 1673819114 -0,002217 90,200000 23,400000 23,400000 -20,200000
34 1673819115 -0,002217 90,200000 23,200000 23,200000 -20,200000
34 1673819116 -0,002217 90,200000 23,000000 23,000000 -20,200000
34 1673819117 0,006593 91,000000 23,600000 23,600000 -20,200000
34 1673819118 0,006593 91,000000 24,200000 24,200000 -20,200000
34 1673819119 0,006593 91,000000 24,800000 24,800000 -20,200000
34 1673819120 0,006593 91,000000 25,400000 25,400000 -20,200000
34 1673819121 0,006593 91,000000 26,000000 26,000000 -20,200000
34 1673819122 -0,004357 91,800000 25,600000 25,600000 -20,200000
34 1673819123 -0,004357 91,800000 25,200000 25,200000 -20,200000
34 1673819124 -0,004357 91,800000 24,800000 24,800000 -20,200000
34 1673819125 -0,004357 91,800000 24,400000 24,400000 -20,200000
34 1673819126 -0,004357 91,800000 24,000000 24,000000 -20,200000
34 1673819127 0,008621 92,800000 24,800000 24,800000 -20,200000
34 1673819128 0,008621 92,800000 25,600000 25,600000 -20,200000
34 1673819129 0,008621 92,800000 26,400000 26,400000 -20,200000
34 1673819130 0,008621 92,800000 27,200000 27,200000 -20,200000
34 1673819131 0,008621 92,800000 28,000000 28,000000 -20,200000
34 1673819132 0,006383 94,000000 28,600000 28,600000 -20,200000
34 1673819133 0,006383 94,000000 29,200000 29,200000 -20,200000
34 1673819134 0,006383 94,000000 29,800000 29,800000 -20,200000
34 1673819135 0,006383 94,000000 30,400000 30,400000 -20,200000
34 1673819136 0,006383 94,000000 31,000000 31,000000 -20,200000
34 1673819137 0,006329 94,800000 31,600000 31,600000 -20,200000
34 1673819138 0,006329 94,800000 32,200000 32,200000 -20,200000
34 1673819139 0,006329 94,800000 32,800000 32,800000 -20,200000
34 1673819140 0,006329 94,800000 33,400000 33,400000 -20,200000
34 1673819141 0,006329 94,800000 34,000000 34,000000 -20,200000
34 1673819142 -0,008368 95,600000 33,200000 33,200000 -20,200000
34 1673819143 -0,008368 95,600000 32,400000 32,400000 -20,200000
34 1673819144 -0,008368 95,600000 31,600000 31,600000 -20,200000
34 1673819145 -0,008368 95,600000 30,800000 30,800000 -20,200000
34 1673819146 -0,008368 95,600000 30,000000 30,000000 -20,200000
34 1673819147 -0,006250 96,000000 29,400000 29,400000 -20,200000
34 1673819148 -0,006250 96,000000 28,800000 28,800000 -20,200000
34 1673819149 -0,006250 96,000000 28,200000 28,200000 -20,200000
34 1673819150 -0,006250 96,000000 27,600000 27,600000 -20,200000
34 1673819151 -0,006250 96,000000 27,000000 27,000000 -20,200000
34 1673819152 -0,010352 96,600000 26,000000 26,000000 -20,200000
34 1673819153 -0,010352 96,600000 25,000000 25,000000 -20,200000
34 1673819154 -0,010352 96,600000 24,000000 24,000000 -20,200000
34 1673819155 -0,010352 96,600000 23,000000 23,000000 -20,200000
34 1673819156 -0,010352 96,600000 22,000000 22,000000 -20,200000
34 1673819157 -0,004098 97,600000 21,600000 21,600000 -20,200000
34 1673819158 -0,004098 97,600000 21,200000 21,200000 -20,200000
34 1673819159 -0,004098 97,600000 20,800000 20,800000 -20,200000
34 1673819160 -0,004098 97,600000 20,400000 20,400000 -20,200000
34 1673819161 -0,004098 97,600000 20,000000 20,000000 -20,200000
34 1673819162 0,002033 98,400000 20,200000 20,200000 -20,200000
34 1673819163 0,002033 98,400000 20,400000 20,400000 -20,200000
34 1673819164 0,002033 98,400000 20,600000 20,600000 -20,200000
34 1673819165 0,002033 98,400000 20,800000 20,800000 -20,200000
34 1673819166 0,002033 98,400000 21,000000 21,000000 -20,200000
34 1673819167 0,010040 99,600000 22,000000 22,000000 -20,200000
34 1673819168 0,010040 99,600000 23,000000 23,000000 -20,200000
34 1673819169 0,010040 99,600000 24,000000 24,000000 -20,200000
34 1673819170 0,010040 99,600000 25,000000 25,000000 -20,200000
34 1673819171 0,010040 99,600000 26,000000 26,000000 -20,200000
34 1673819172 0,000000 100,800000 26,000000 26,000000 -20,200000
34 1673819173 0,000000 100,800000 26,000000 26,000000 -20,200000
34 1673819174 0,000000 100,800000 26,000000 26,000000 -20,200000
34 1673819175 0,000000 100,800000 26,000000 26,000000 -20,200000
34 1673819176 0,000000 100,800000 26,000000 26,000000 -20,200000
34 1673819177 -0,001969 101,600000 25,800000 25,800000 -20,200000
34 1673819178 -0,001969 101,600000 25,600000 25,600000 -20,200000
34 1673819179 -0,001969 101,600000 25,400000 25,400000 -20,200000
34 1673819180 -0,001969 101,600000 25,200000 25,200000 -20,200000
34 1673819181 -0,001969 101,600000 25,000000 25,000000 -20,200000
34 1673819182 -0,001961 102,000000 24,800000 24,800000 -20,200000
34 1673819183 -0,001961 102,000000 24,600000 24,600000 -20,200000
34 1673819184 -0,001961 102,000000 24,400000 24,400000 -20,200000
34 1673819185 -0,001961 102,000000 24,200000 24,200000 -20,200000
34 1673819186 -0,001961 102,000000 24,000000 24,000000 -20,200000
34 1673819187 0,007767 103,000000 24,800000 24,800000 -20,200000
34 1673819188 0,007767 103,000000 25,600000 25,600000 -20,200000
34 1673819189 0,007767 103,000000 26,400000 26,400000 -20,200000
34 1673819190 0,007767 103,000000 27,200000 27,200000 -20,200000
34 1673819191 0,007767 103,000000 28,000000 28,000000 -20,200000
34 1673819192 0,000000 103,400000 28,000000 28,000000 -20,200000
34 1673819193 0,000000 103,400000 28,000000 28,000000 -20,200000
34 1673819194 0,000000 103,400000 28,000000 28,000000 -20,200000
34 1673819195 0,000000 103,400000 28,000000 28,000000 -20,200000
34 1673819196 0,000000 103,400000 28,000000 28,000000 -20,200000
34 1673819197 -0,007678 104,200000 27,200000 27,200000 -20,200000
34 1673819198 -0,007678 104,200000 26,400000 26,400000 -20,200000
34 1673819199 -0,007678 104,200000 25,600000 25,600000 -20,200000
34 1673819200 -0,007678 104,200000 24,800000 24,800000 -20,200000
34 1673819201 -0,007678 104,200000 24,000000 24,000000 -20,200000
34 1673819202 0,003810 105,000000 24,400000 24,400000 -20,200000
34 1673819203 0,003810 105,000000 24,800000 24,800000 -20,200000
34 1673819204 0,003810 105,000000 25,200000 25,200000 -20,200000
34 1673819205 0,003810 105,000000 25,600000 25,600000 -20,200000
34 1673819206 0,003810 105,000000 26,000000 26,000000 -20,200000
34 1673819207 -0,003774 106,000000 25,600000 25,600000 -20,200000
34 1673819208 -0,003774 106,000000 25,200000 25,200000 -20,200000
34 1673819209 -0,003774 106,000000 24,800000 24,800000 -20,200000
34 1673819210 -0,003774 106,000000 24,400000 24,400000 -20,200000
34 1673819211 -0,003774 106,000000 24,000000 24,000000 -20,200000
34 1673819212 -0,001883 106,200000 23,800000 23,800000 -20,200000
34 1673819213 -0,001883 106,200000 23,600000 23,600000 -20,200000
34 1673819214 -0,001883 106,200000 23,400000 23,400000 -20,200000
34 1673819215 -0,001883 106,200000 23,200000 23,200000 -20,200000
34 1673819216 -0,001883 106,200000 23,000000 23,000000 -20,200000
34 1673819217 0,005607 107,000000 23,600000 23,600000 -20,200000
34 1673819218 0,005607 107,000000 24,200000 24,200000 -20,200000
34 1673819219 0,005607 107,000000 24,800000 24,800000 -20,200000
34 1673819220 0,005607 107,000000 25,400000 25,400000 -20,200000
34 1673819221 0,005607 107,000000 26,000000 26,000000 -20,200000
34 1673819222 0,003697 108,200000 26,400000 26,400000 -20,200000
34 1673819223 0,003697 108,200000 26,800000 26,800000 -20,200000
34 1673819224 0,003697 108,200000 27,200000 27,200000 -20,200000
34 1673819225 0,003697 108,200000 27,600000 27,600000 -20,200000
34 1673819226 0,003697 108,200000 28,000000 28,000000 -20,200000
34 1673819227 0,000000 108,800000 28,000000 28,000000 -20,200000
34 1673819228 0,000000 108,800000 28,000000 28,000000 -20,200000
34 1673819229 0,000000 108,800000 28,000000 28,000000 -20,200000
34 1673819230 0,000000 108,800000 28,000000 28,000000 -20,200000
34 1673819231 0,000000 108,800000 28,000000 28,000000 -20,200000
34 1673819232 0,001825 109,600000 28,200000 28,200000 -20,200000
34 1673819233 0,001825 109,600000 28,400000 28,400000 -20,200000
34 1673819234 0,001825 109,600000 28,600000 28,600000 -20,200000
34 1673819235 0,001825 109,600000 28,800000 28,800000 -20,200000
34 1673819236 0,001825 109,600000 29,000000 29,000000 -20,200000
34 1673819237 -0,003630 110,200000 28,600000 28,600000 -20,200000
34 1673819238 -0,003630 110,200000 28,200000 28,200000 -20,200000
34 1673819239 -0,003630 110,200000 27,800000 27,800000 -20,200000
34 1673819240 -0,003630 110,200000 27,400000 27,400000 -20,200000
34 1673819241 -0,003630 110,200000 27,000000 27,000000 -20,200000
34 1673819242 -0,007194 111,200000 26,200000 26,200000 -20,200000
34 1673819243 -0,007194 111,200000 25,400000 25,400000 -20,200000
34 1673819244 -0,007194 111,200000 24,600000 24,600000 -20,200000
34 1673819245 -0,007194 111,200000 23,800000 23,800000 -20,200000
34 1673819246 -0,007194 111,200000 23,000000 23,000000 -20,200000
34 1673819247 0,000000 111,800000 23,000000 23,000000 -20,200000
34 1673819248 0,000000 111,800000 23,000000 23,000000 -20,200000
34 1673819249 0,000000 111,800000 23,000000 23,000000 -20,200000
34 1673819250 0,000000 111,800000 23,000000 23,000000 -20,200000
34 1673819251 0,000000 111,800000 23,000000 23,000000 -20,200000
34 1673819252 0,001783 112,200000 23,200000 23,200000 -20,200000
34 1673819253 0,001783 112,200000 23,400000 23,400000 -20,200000
34 1673819254 0,001783 112,200000 23,600000 23,600000 -20,200000
34 1673819255 0,001783 112,200000 23,800000 23,800000 -20,200000
34 1673819256 0,001783 112,200000 24,000000 24,000000 -20,200000
34 1673819257 0,003540 113,000000 24,400000 24,400000 -20,200000
34 1673819258 0,003540 113,000000 24,800000 24,800000 -20,200000
34 1673819259 0,003540 113,000000 25,200000 25,200000 -20,200000
34 1673819260 0,003540 113,000000 25,600000 25,600000 -20,200000
34 1673819261 0,003540 113,000000 26,000000 26,000000 -20,200000
34 1673819262 0,005254 114,200000 26,600000 26,600000 -20,200000
34 1673819263 0,005254 114,200000 27,200000 27,200000 -20,200000
34 1673819264 0,005254 114,200000 27,800000 27,800000 -20,200000
34 1673819265 0,005254 114,200000 28,400000 28,400000 -20,200000
34 1673819266 0,005254 114,200000 29,000000 29,000000 -20,200000
34 1673819267 0,006932 115,400000 29,800000 29,800000 -20,200000
34 1673819268 0,006932 115,400000 30,600000 30,600000 -20,200000
34 1673819269 0,006932 115,400000 31,400000 31,400000 -20,200000
34 1673819270 0,006932 115,400000 32,200000 32,200000 -20,200000
34 1673819271 0,006932 115,400000 33,000000 33,000000 -20,200000
34 1673819272 -0,018803 117,000000 30,800000 30,800000 -20,200000
34 1673819273 -0,018803 117,000000 28,600000 28,600000 -20,200000
34 1673819274 -0,018803 117,000000 26,400000 26,400000 -20,200000
34 1673819275 -0,018803 117,000000 24,200000 24,200000 -20,200000
34 1673819276 -0,018803 117,000000 22,000000 22,000000 -20,200000
34 1673819277 -0,001695 118,000000 21,800000 21,800000 -20,200000
34 1673819278 -0,001695 118,000000 21,600000 21,600000 -20,200000
34 1673819279 -0,001695 118,000000 21,400000 21,400000 -20,200000
34 1673819280 -0,001695 118,000000 21,200000 21,200000 -20,200000
34 1673819281 -0,001695 118,000000 21,000000 21,000000 -20,200000
34 1673819282 0,005068 118,400000 21,600000 21,600000 -20,200000
34 1673819283 0,005068 118,400000 22,200000 22,200000 -20,200000
34 1673819284 0,005068 118,400000 22,800000 22,800000 -20,200000
34 1673819285 0,005068 118,400000 23,400000 23,400000 -20,200000
34 1673819286 0,005068 118,400000 24,000000 24,000000 -20,200000
34 1673819287 0,003356 119,200000 24,400000 24,400000 -20,200000
34 1673819288 0,003356 119,200000 24,800000 24,800000 -20,200000
34 1673819289 0,003356 119,200000 25,200000 25,200000 -20,200000
34 1673819290 0,003356 119,200000 25,600000 25,600000 -20,200000
34 1673819291 0,003356 119,200000 26,000000 26,000000 -20,200000
34 1673819292 -0,001669 119,800000 25,800000 25,800000 -20,200000
34 1673819293 -0,001669 119,800000 25,600000 25,600000 -20,200000
34 1673819294 -0,001669 119,800000 25,400000 25,400000 -20,200000
34 1673819295 -0,001669 119,800000 25,200000 25,200000 -20,200000
34 1673819296 -0,001669 119,800000 25,000000 25,000000 -20,200000
34 1673819297 0,000000 119,800000 25,000000 25,000000 -20,200000
34 1673819298 0,000000 119,800000 25,000000 25,000000 -20,200000
34 1673819299 0,000000 119,800000 25,000000 25,000000 -20,200000
34 1673819300 0,000000 119,800000 25,000000 25,000000 -20,200000
34 1673819301 0,000000 119,800000 25,000000 25,000000 -20,200000
34 1673819302 -0,001664 120,200000 24,800000 24,800000 -20,200000
34 1673819303 -0,001664 120,200000 24,600000 24,600000 -20,200000
34 1673819304 -0,001664 120,200000 24,400000 24,400000 -20,200000
34 1673819305 -0,001664 120,200000 24,200000 24,200000 -20,200000
34 1673819306 -0,001664 120,200000 24,000000 24,000000 -20,200000
34 1673819307 0,003311 120,800000 24,400000 24,400000 -20,200000
34 1673819308 0,003311 120,800000 24,800000 24,800000 -20,200000
34 1673819309 0,003311 120,800000 25,200000 25,200000 -20,200000
34 1673819310 0,003311 120,800000 25,600000 25,600000 -20,200000
34 1673819311 0,003311 120,800000 26,000000 26,000000 -20,200000
34 1673819312 0,003284 121,800000 26,400000 26,400000 -20,200000
34 1673819313 0,003284 121,800000 26,800000 26,800000 -20,200000
34 1673819314 0,003284 121,800000 27,200000 27,200000 -20,200000
34 1673819315 0,003284 121,800000 27,600000 27,600000 -20,200000
34 1673819316 0,003284 121,800000 28,000000 28,000000 -20,200000
34 1673819317 -0,001634 122,400000 27,800000 27,800000 -20,200000
34 1673819318 -0,001634 122,400000 27,600000 27,600000 -20,200000
34 1673819319 -0,001634 122,400000 27,400000 27,400000 -20,200000
34 1673819320 -0,001634 122,400000 27,200000 27,200000 -20,200000
34 1673819321 -0,001634 122,400000 27,000000 27,000000 -20,200000
34 1673819322 0,009724 123,400000 28,200000 28,200000 -20,200000
34 1673819323 0,009724 123,400000 29,400000 29,400000 -20,200000
34 1673819324 0,009724 123,400000 30,600000 30,600000 -20,200000
34 1673819325 0,009724 123,400000 31,800000 31,800000 -20,200000
34 1673819326 0,009724 123,400000 33,000000 33,000000 -20,200000
34 1673819327 -0,009615 124,800000 31,800000 31,800000 -20,200000
34 1673819328 -0,009615 124,800000 30,600000 30,600000 -20,200000
34 1673819329 -0,009615 124,800000 29,400000 29,400000 -20,200000
34 1673819330 -0,009615 124,800000 28,200000 28,200000 -20,200000
34 1673819331 -0,009615 124,800000 27,000000 27,000000 -20,200000
34 1673819332 0,000000 125,600000 27,000000 27,000000 -20,200000
34 1673819333 0,000000 125,600000 27,000000 27,000000 -20,200000
34 1673819334 0,000000 125,600000 27,000000 27,000000 -20,200000
34 1673819335 0,000000 125,600000 27,000000 27,000000 -20,200000
34 1673819336 0,000000 125,600000 27,000000 27,000000 -20,200000
34 1673819337 0,003160 126,600000 27,400000 27,400000 -20,200000
34 1673819338 0,003160 126,600000 27,800000 27,800000 -20,200000
34 1673819339 0,003160 126,600000 28,200000 28,200000 -20,200000
34 1673819340 0,003160 126,600000 28,600000 28,600000 -20,200000
34 1673819341 0,003160 126,600000 29,000000 29,000000 -20,200000
34 1673819342 -0,009419 127,400000 27,800000 27,800000 -20,200000
34 1673819343 -0,009419 127,400000 26,600000 26,600000 -20,200000
34 1673819344 -0,009419 127,400000 25,400000 25,400000 -20,200000
34 1673819345 -0,009419 127,400000 24,200000 24,200000 -20,200000
34 1673819346 -0,009419 127,400000 23,000000 23,000000 -20,200000
34 1673819347 -0,001560 128,200000 22,800000 22,800000 -20,200000
34 1673819348 -0,001560 128,200000 22,600000 22,600000 -20,200000
34 1673819349 -0,001560 128,200000 22,400000 22,400000 -20,200000
34 1673819350 -0,001560 128,200000 22,200000 22,200000 -20,200000
34 1673819351 -0,001560 128,200000 22,000000 22,000000 -20,200000
34 1673819352 -0,001546 129,400000 21,800000 21,800000 -20,200000
34 1673819353 -0,001546 129,400000 21,600000 21,600000 -20,200000
34 1673819354 -0,001546 129,400000 21,400000 21,400000 -20,200000
34 1673819355 -0,001546 129,400000 21,200000 21,200000 -20,200000
34 1673819356 -0,001546 129,400000 21,000000 21,000000 -20,200000
34 1673819357 0,003077 130,000000 21,400000 21,400000 -20,200000
34 1673819358 0,003077 130,000000 21,800000 21,800000 -20,200000
34 1673819359 0,003077 130,000000 22,200000 22,200000 -20,200000
34 1673819360 0,003077 130,000000 22,600000 22,600000 -20,200000
34 1673819361 0,003077 130,000000 23,000000 23,000000 -20,200000
34 1673819362 0,001529 130,800000 23,200000 23,200000 -20,200000
34 1673819363 0,001529 130,800000 23,400000 23,400000 -20,200000
34 1673819364 0,001529 130,800000 23,600000 23,600000 -20,200000
34 1673819365 0,001529 130,800000 23,800000 23,800000 -20,200000
34 1673819366 0,001529 130,800000 24,000000 24,000000 -20,200000
34 1673819367 -0,004566 131,400000 23,400000 23,400000 -20,200000
34 1673819368 -0,004566 131,400000 22,800000 22,800000 -20,200000
34 1673819369 -0,004566 131,400000 22,200000 22,200000 -20,200000
34 1673819370 -0,004566 131,400000 21,600000 21,600000 -20,200000
34 1673819371 -0,004566 131,400000 21,000000 21,000000 -20,200000
34 1673819372 0,004559 131,600000 21,600000 21,600000 -20,200000
34 1673819373 0,004559 131,600000 22,200000 22,200000 -20,200000
34 1673819374 0,004559 131,600000 22,800000 22,800000 -20,200000
34 1673819375 0,004559 131,600000 23,400000 23,400000 -20,200000
34 1673819376 0,004559 131,600000 24,000000 24,000000 -20,200000
34 1673819377 -0,003030 132,000000 23,600000 23,600000 -20,200000
34 1673819378 -0,003030 132,000000 23,200000 23,200000 -20,200000
34 1673819379 -0,003030 132,000000 22,800000 22,800000 -20,200000
34 1673819380 -0,003030 132,000000 22,400000 22,400000 -20,200000
34 1673819381 -0,003030 132,000000 22,000000 22,000000 -20,200000
34 1673819382 0,006033 132,600000 22,800000 22,800000 -20,200000
34 1673819383 0,006033 132,600000 23,600000 23,600000 -20,200000
34 1673819384 0,006033 132,600000 24,400000 24,400000 -20,200000
34 1673819385 0,006033 132,600000 25,200000 25,200000 -20,200000
34 1673819386 0,006033 132,600000 26,000000 26,000000 -20,200000
34 1673819387 0,011958 133,800000 27,600000 27,600000 -20,200000
34 1673819388 0,011958 133,800000 29,200000 29,200000 -20,200000
34 1673819389 0,011958 133,800000 30,800000 30,800000 -20,200000
34 1673819390 0,011958 133,800000 32,400000 32,400000 -20,200000
34 1673819391 0,011958 133,800000 34,000000 34,000000 -20,200000
34 1673819392 0,000000 134,800000 34,000000 34,000000 -20,200000
34 1673819393 0,000000 134,800000 34,000000 34,000000 -20,200000
34 1673819394 0,000000 134,800000 34,000000 34,000000 -20,200000
34 1673819395 0,000000 134,800000 34,000000 34,000000 -20,200000
34 1673819396 0,000000 134,800000 34,000000 34,000000 -20,200000
34 1673819397 -0,001473 135,800000 33,800000 33,800000 -20,200000
34 1673819398 -0,001473 135,800000 33,600000 33,600000 -20,200000
34 1673819399 -0,001473 135,800000 33,400000 33,400000 -20,200000
34 1673819400 -0,001473 135,800000 33,200000 33,200000 -20,200000
34 1673819401 -0,001473 135,800000 33,000000 33,000000 -20,200000
34 1673819402 -0,008798 136,400000 31,800000 31,800000 -20,200000
34 1673819403 -0,008798 136,400000 30,600000 30,600000 -20,200000
34 1673819404 -0,008798 136,400000 29,400000 29,400000 -20,200000
34 1673819405 -0,008798 136,400000 28,200000 28,200000 -20,200000
34 1673819406 -0,008798 136,400000 27,000000 27,000000 -20,200000
34 1673819407 -0,007278 137,400000 26,000000 26,000000 -20,200000
34 1673819408 -0,007278 137,400000 25,000000 25,000000 -20,200000
34 1673819409 -0,007278 137,400000 24,000000 24,000000 -20,200000
34 1673819410 -0,007278 137,400000 23,000000 23,000000 -20,200000
34 1673819411 -0,007278 137,400000 22,000000 22,000000 -20,200000
34 1673819412 0,000000 138,800000 22,000000 22,000000 -20,200000
34 1673819413 0,000000 138,800000 22,000000 22,000000 -20,200000
34 1673819414 0,000000 138,800000 22,000000 22,000000 -20,200000
34 1673819415 0,000000 138,800000 22,000000 22,000000 -20,200000
34 1673819416 0,000000 138,800000 22,000000 22,000000 -20,200000
34 1673819417 0,000000 139,800000 22,000000 22,000000 -20,200000
34 1673819418 0,000000 139,800000 22,000000 22,000000 -20,200000
34 1673819419 0,000000 139,800000 22,000000 22,000000 -20,200000
34 1673819420 0,000000 139,800000 22,000000 22,000000 -20,200000
34 1673819421 0,000000 139,800000 22,000000 22,000000 -20,200000
34 1673819422 0,001418 141,000000 22,200000 22,200000 -20,200000
34 1673819423 0,001418 141,000000 22,400000 22,400000 -20,200000
34 1673819424 0,001418 141,000000 22,600000 22,600000 -20,200000
34 1673819425 0,001418 141,000000 22,800000 22,800000 -20,200000
34 1673819426 0,001418 141,000000 23,000000 23,000000 -20,200000
34 1673819427 -0,001410 141,800000 22,800000 22,800000 -20,200000
34 1673819428 -0,001410 141,800000 22,600000 22,600000 -20,200000
34 1673819429 -0,001410 141,800000 22,400000 22,400000 -20,200000
34 1673819430 -0,001410 141,800000 22,200000 22,200000 -20,200000
34 1673819431 -0,001410 141,800000 22,000000 22,000000 -20,200000
34 1673819432 0,002817 142,000000 22,400000 22,400000 -20,200000
34 1673819433 0,002817 142,000000 22,800000 22,800000 -20,200000
34 1673819434 0,002817 142,000000 23,200000 23,200000 -20,200000
34 1673819435 0,002817 142,000000 23,600000 23,600000 -20,200000
34 1673819436 0,002817 142,000000 24,000000 24,000000 -20,200000
34 1673819437 0,001406 142,200000 24,200000 24,200000 -20,200000
34 1673819438 0,001406 142,200000 24,400000 24,400000 -20,200000
34 1673819439 0,001406 142,200000 24,600000 24,600000 -20,200000
34 1673819440 0,001406 142,200000 24,800000 24,800000 -20,200000
34 1673819441 0,001406 142,200000 25,000000 25,000000 -20,200000
34 1673819442 0,001403 142,600000 25,200000 25,200000 -20,200000
34 1673819443 0,001403 142,600000 25,400000 25,400000 -20,200000
34 1673819444 0,001403 142,600000 25,600000 25,600000 -20,200000
34 1673819445 0,001403 142,600000 25,800000 25,800000 -20,200000
34 1673819446 0,001403 142,600000 26,000000 26,000000 -20,200000
34 1673819447 0,001401 142,800000 26,200000 26,200000 -20,200000
34 1673819448 0,001401 142,800000 26,400000 26,400000 -20,200000
34 1673819449 0,001401 142,800000 26,600000 26,600000 -20,200000
34 1673819450 0,001401 142,800000 26,800000 26,800000 -20,200000
34 1673819451 0,001401 142,800000 27,000000 27,000000 -20,200000
34 1673819452 0,000000 143,800000 27,000000 27,000000 -20,200000
34 1673819453 0,000000 143,800000 27,000000 27,000000 -20,200000
34 1673819454 0,000000 143,800000 27,000000 27,000000 -20,200000
34 1673819455 0,000000 143,800000 27,000000 27,000000 -20,200000
34 1673819456 0,000000 143,800000 27,000000 27,000000 -20,200000
34 1673819457 0,002759 145,000000 27,400000 27,400000 -20,200000
34 1673819458 0,002759 145,000000 27,800000 27,800000 -20,200000
34 1673819459 0,002759 145,000000 28,200000 28,200000 -20,200000
34 1673819460 0,002759 145,000000 28,600000 28,600000 -20,200000
34 1673819461 0,002759 145,000000 29,000000 29,000000 -20,200000
34 1673819462 -0,006849 146,000000 28,000000 28,000000 -20,200000
34 1673819463 -0,006849 146,000000 27,000000 27,000000 -20,200000
34 1673819464 -0,006849 146,000000 26,000000 26,000000 -20,200000
34 1673819465 -0,006849 146,000000 25,000000 25,000000 -20,200000
34 1673819466 -0,006849 146,000000 24,000000 24,000000 -20,200000
34 1673819467 -0,001368 146,200000 23,800000 23,800000 -20,200000
34 1673819468 -0,001368 146,200000 23,600000 23,600000 -20,200000
34 1673819469 -0,001368 146,200000 23,400000 23,400000 -20,200000
34 1673819470 -0,001368 146,200000 23,200000 23,200000 -20,200000
34 1673819471 -0,001368 146,200000 23,000000 23,000000 -20,200000
34 1673819472 0,006793 147,200000 24,000000 24,000000 -20,200000
34 1673819473 0,006793 147,200000 25,000000 25,000000 -20,200000
34 1673819474 0,006793 147,200000 26,000000 26,000000 -20,200000
34 1673819475 0,006793 147,200000 27,000000 27,000000 -20,200000
34 1673819476 0,006793 147,200000 28,000000 28,000000 -20,200000
34 1673819477 0,001346 148,600000 28,200000 28,200000 -20,200000
34 1673819478 0,001346 148,600000 28,400000 28,400000 -20,200000
34 1673819479 0,001346 148,600000 28,600000 28,600000 -20,200000
34 1673819480 0,001346 148,600000 28,800000 28,800000 -20,200000
34 1673819481 0,001346 148,600000 29,000000 29,000000 -20,200000
34 1673819482 0,001337 149,600000 29,200000 29,200000 -20,200000
34 1673819483 0,001337 149,600000 29,400000 29,400000 -20,200000
34 1673819484 0,001337 149,600000 29,600000 29,600000 -20,200000
34 1673819485 0,001337 149,600000 29,800000 29,800000 -20,200000
34 1673819486 0,001337 149,600000 30,000000 30,000000 -20,200000
34 1673819487 -0,001323 151,200000 29,800000 29,800000 -20,200000
34 1673819488 -0,001323 151,200000 29,600000 29,600000 -20,200000
34 1673819489 -0,001323 151,200000 29,400000 29,400000 -20,200000
34 1673819490 -0,001323 151,200000 29,200000 29,200000 -20,200000
34 1673819491 -0,001323 151,200000 29,000000 29,000000 -20,200000
34 1673819492 -0,005256 152,200000 28,200000 28,200000 -20,200000
34 1673819493 -0,005256 152,200000 27,400000 27,400000 -20,200000
34 1673819494 -0,005256 152,200000 26,600000 26,600000 -20,200000
34 1673819495 -0,005256 152,200000 25,800000 25,800000 -20,200000
34 1673819496 -0,005256 152,200000 25,000000 25,000000 -20,200000
34 1673819497 -0,002611 153,200000 24,600000 24,600000 -20,200000
34 1673819498 -0,002611 153,200000 24,200000 24,200000 -20,200000
34 1673819499 -0,002611 153,200000 23,800000 23,800000 -20,200000
34 1673819500 -0,002611 153,200000 23,400000 23,400000 -20,200000
34 1673819501 -0,002611 153,200000 23,000000 23,000000 -20,200000
34 1673819502 -0,002604 153,600000 22,600000 22,600000 -20,200000
34 1673819503 -0,002604 153,600000 22,200000 22,200000 -20,200000
34 1673819504 -0,002604 153,600000 21,800000 21,800000 -20,200000
34 1673819505 -0,002604 153,600000 21,400000 21,400000 -20,200000
34 1673819506 -0,002604 153,600000 21,000000 21,000000 -20,200000
34 1673819507 0,002601 153,800000 21,400000 21,400000 -20,200000
34 1673819508 0,002601 153,800000 21,800000 21,800000 -20,200000
34 1673819509 0,002601 153,800000 22,200000 22,200000 -20,200000
34 1673819510 0,002601 153,800000 22,600000 22,600000 -20,200000
34 1673819511 0,002601 153,800000 23,000000 23,000000 -20,200000
34 1673819512 0,002594 154,200000 23,400000 23,400000 -20,200000
34 1673819513 0,002594 154,200000 23,800000 23,800000 -20,200000
34 1673819514 0,002594 154,200000 24,200000 24,200000 -20,200000
34 1673819515 0,002594 154,200000 24,600000 24,600000 -20,200000
34 1673819516 0,002594 154,200000 25,000000 25,000000 -20,200000
34 1673819517 0,000000 154,800000 25,000000 25,000000 -20,200000
34 1673819518 0,000000 154,800000 25,000000 25,000000 -20,200000
34 1673819519 0,000000 154,800000 25,000000 25,000000 -20,200000
34 1673819520 0,000000 154,800000 25,000000 25,000000 -20,200000
34 1673819521 0,000000 154,800000 25,000000 25,000000 -20,200000
34 1673819522 0,005148 155,400000 25,800000 25,800000 -20,200000
34 1673819523 0,005148 155,400000 26,600000 26,600000 -20,200000
34 1673819524 0,005148 155,400000 27,400000 27,400000 -20,200000
34 1673819525 0,005148 155,400000 28,200000 28,200000 -20,200000
34 1673819526 0,005148 155,400000 29,000000 29,000000 -20,200000
34 1673819527 -0,007663 156,600000 27,800000 27,800000 -20,200000
34 1673819528 -0,007663 156,600000 26,600000 26,600000 -20,200000
34 1673819529 -0,007663 156,600000 25,400000 25,400000 -20,200000
34 1673819530 -0,007663 156,600000 24,200000 24,200000 -20,200000
34 1673819531 -0,007663 156,600000 23,000000 23,000000 -20,200000
34 1673819532 0,000000 156,600000 23,000000 23,000000 -20,200000
34 1673819533 0,000000 156,600000 23,000000 23,000000 -20,200000
34 1673819534 0,000000 156,600000 23,000000 23,000000 -20,200000
34 1673819535 0,000000 156,600000 23,000000 23,000000 -20,200000
34 1673819536 0,000000 156,600000 23,000000 23,000000 -20,200000
34 1673819537 0,000000 157,200000 23,000000 23,000000 -20,200000
34 1673819538 0,000000 157,200000 23,000000 23,000000 -20,200000
34 1673819539 0,000000 157,200000 23,000000 23,000000 -20,200000
34 1673819540 0,000000 157,200000 23,000000 23,000000 -20,200000
34 1673819541 0,000000 157,200000 23,000000 23,000000 -20,200000
34 1673819542 0,003797 158,000000 23,600000 23,600000 -20,200000
34 1673819543 0,003797 158,000000 24,200000 24,200000 -20,200000
34 1673819544 0,003797 158,000000 24,800000 24,800000 -20,200000
34 1673819545 0,003797 158,000000 25,400000 25,400000 -20,200000
34 1673819546 0,003797 158,000000 26,000000 26,000000 -20,200000
34 1673819547 0,001259 158,800000 26,200000 26,200000 -20,200000
34 1673819548 0,001259 158,800000 26,400000 26,400000 -20,200000
34 1673819549 0,001259 158,800000 26,600000 26,600000 -20,200000
34 1673819550 0,001259 158,800000 26,800000 26,800000 -20,200000
34 1673819551 0,001259 158,800000 27,000000 27,000000 -20,200000
34 1673819552 -0,002500 160,000000 26,600000 26,600000 -20,200000
34 1673819553 -0,002500 160,000000 26,200000 26,200000 -20,200000
34 1673819554 -0,002500 160,000000 25,800000 25,800000 -20,200000
34 1673819555 -0,002500 160,000000 25,400000 25,400000 -20,200000
34 1673819556 -0,002500 160,000000 25,000000 25,000000 -20,200000
34 1673819557 0,000000 161,400000 25,000000 25,000000 -20,200000
34 1673819558 0,000000 161,400000 25,000000 25,000000 -20,200000
34 1673819559 0,000000 161,400000 25,000000 25,000000 -20,200000
34 1673819560 0,000000 161,400000 25,000000 25,000000 -20,200000
34 1673819561 0,000000 161,400000 25,000000 25,000000 -20,200000
34 1673819562 0,002466 162,200000 25,400000 25,400000 -20,200000
34 1673819563 0,002466 162,200000 25,800000 25,800000 -20,200000
34 1673819564 0,002466 162,200000 26,200000 26,200000 -20,200000
34 1673819565 0,002466 162,200000 26,600000 26,600000 -20,200000
34 1673819566 0,002466 162,200000 27,000000 27,000000 -20,200000
34 1673819567 0,000000 163,400000 27,000000 27,000000 -20,200000
34 1673819568 0,000000 163,400000 27,000000 27,000000 -20,200000
34 1673819569 0,000000 163,400000 27,000000 27,000000 -20,200000
34 1673819570 0,000000 163,400000 27,000000 27,000000 -20,200000
34 1673819571 0,000000 163,400000 27,000000 27,000000 -20,200000
34 1673819572 0,001217 164,400000 27,200000 27,200000 -20,200000
34 1673819573 0,001217 164,400000 27,400000 27,400000 -20,200000
34 1673819574 0,001217 164,400000 27,600000 27,600000 -20,200000
34 1673819575 0,001217 164,400000 27,800000 27,800000 -20,200000
34 1673819576 0,001217 164,400000 28,000000 28,000000 -20,200000
34 1673819577 0,002424 165,000000 28,400000 28,400000 -20,200000
34 1673819578 0,002424 165,000000 28,800000 28,800000 -20,200000
34 1673819579 0,002424 165,000000 29,200000 29,200000 -20,200000
34 1673819580 0,002424 165,000000 29,600000 29,600000 -20,200000
34 1673819581 0,002424 165,000000 30,000000 30,000000 -20,200000
34 1673819582 -0,004813 166,200000 29,200000 29,200000 -20,200000
34 1673819583 -0,004813 166,200000 28,400000 28,400000 -20,200000
34 1673819584 -0,004813 166,200000 27,600000 27,600000 -20,200000
34 1673819585 -0,004813 166,200000 26,800000 26,800000 -20,200000
34 1673819586 -0,004813 166,200000 26,000000 26,000000 -20,200000
34 1673819587 0,005995 166,800000 27,000000 27,000000 -20,200000
34 1673819588 0,005995 166,800000 28,000000 28,000000 -20,200000
34 1673819589 0,005995 166,800000 29,000000 29,000000 -20,200000
34 1673819590 0,005995 166,800000 30,000000 30,000000 -20,200000
34 1673819591 0,005995 166,800000 31,000000 31,000000 -20,200000
34 1673819592 -0,003584 167,400000 30,400000 30,400000 -20,200000
34 1673819593 -0,003584 167,400000 29,800000 29,800000 -20,200000
34 1673819594 -0,003584 167,400000 29,200000 29,200000 -20,200000
34 1673819595 -0,003584 167,400000 28,600000 28,600000 -20,200000
34 1673819596 -0,003584 167,400000 28,000000 28,000000 -20,200000
34 1673819597 -0,007143 168,000000 26,800000 26,800000 -20,200000
34 1673819598 -0,007143 168,000000 25,600000 25,600000 -20,200000
34 1673819599 -0,007143 168,000000 24,400000 24,400000 -20,200000
34 1673819600 -0,007143 168,000000 23,200000 23,200000 -20,200000
34 1673819601 -0,007143 168,000000 22,000000 22,000000 -20,200000
34 1673819602 0,002372 168,600000 22,400000 22,400000 -20,200000
34 1673819603 0,002372 168,600000 22,800000 22,800000 -20,200000
34 1673819604 0,002372 168,600000 23,200000 23,200000 -20,200000
34 1673819605 0,002372 168,600000 23,600000 23,600000 -20,200000
34 1673819606 0,002372 168,600000 24,000000 24,000000 -20,200000
34 1673819607 -0,002361 169,400000 23,600000 23,600000 -20,200000
34 1673819608 -0,002361 169,400000 23,200000 23,200000 -20,200000
34 1673819609 -0,002361 169,400000 22,800000 22,800000 -20,200000
34 1673819610 -0,002361 169,400000 22,400000 22,400000 -20,200000
34 1673819611 -0,002361 169,400000 22,000000 22,000000 -20,200000
34 1673819612 0,000000 169,800000 22,000000 22,000000 -20,200000
34 1673819613 0,000000 169,800000 22,000000 22,000000 -20,200000
34 1673819614 0,000000 169,800000 22,000000 22,000000 -20,200000
34 1673819615 0,000000 169,800000 22,000000 22,000000 -20,200000
34 1673819616 0,000000 169,800000 22,000000 22,000000 -20,200000
34 1673819617 0,003525 170,200000 22,600000 22,600000 -20,200000
34 1673819618 0,003525 170,200000 23,200000 23,200000 -20,200000
34 1673819619 0,003525 170,200000 23,800000 23,800000 -20,200000
34 1673819620 0,003525 170,200000 24,400000 24,400000 -20,200000
34 1673819621 0,003525 170,200000 25,000000 25,000000 -20,200000
34 1673819622 -0,002345 170,600000 24,600000 24,600000 -20,200000
34 1673819623 -0,002345 170,600000 24,200000 24,200000 -20,200000
34 1673819624 -0,002345 170,600000 23,800000 23,800000 -20,200000
34 1673819625 -0,002345 170,600000 23,400000 23,400000 -20,200000
34 1673819626 -0,002345 170,600000 23,000000 23,000000 -20,200000
34 1673819627 0,001170 171,000000 23,200000 23,200000 -20,200000
34 1673819628 0,001170 171,000000 23,400000 23,400000 -20,200000
34 1673819629 0,001170 171,000000 23,600000 23,600000 -20,200000
34 1673819630 0,001170 171,000000 23,800000 23,800000 -20,200000
34 1673819631 0,001170 171,000000 24,000000 24,000000 -20,200000
34 1673819632 0,000000 172,200000 24,000000 24,000000 -20,200000
34 1673819633 0,000000 172,200000 24,000000 24,000000 -20,200000
34 1673819634 0,000000 172,200000 24,000000 24,000000 -20,200000
34 1673819635 0,000000 172,200000 24,000000 24,000000 -20,200000
34 1673819636 0,000000 172,200000 24,000000 24,000000 -20,200000
34 1673819637 0,003464 173,200000 24,600000 24,600000 -20,200000
34 1673819638 0,003464 173,200000 25,200000 25,200000 -20,200000
34 1673819639 0,003464 173,200000 25,800000 25,800000 -20,200000
34 1673819640 0,003464 173,200000 26,400000 26,400000 -20,200000
34 1673819641 0,003464 173,200000 27,000000 27,000000 -20,200000
34 1673819642 0,008028 174,400000 28,400000 28,400000 -20,200000
34 1673819643 0,008028 174,400000 29,800000 29,800000 -20,200000
34 1673819644 0,008028 174,400000 31,200000 31,200000 -20,200000
34 1673819645 0,008028 174,400000 32,600000 32,600000 -20,200000
34 1673819646 0,008028 174,400000 34,000000 34,000000 -20,200000
34 1673819647 0,004535 176,400000 34,800000 34,800000 -20,200000
34 1673819648 0,004535 176,400000 35,600000 35,600000 -20,200000
34 1673819649 0,004535 176,400000 36,400000 36,400000 -20,200000
34 1673819650 0,004535 176,400000 37,200000 37,200000 -20,200000
34 1673819651 0,004535 176,400000 38,000000 38,000000 -20,200000
34 1673819652 -0,004510 177,400000 37,200000 37,200000 -20,200000
34 1673819653 -0,004510 177,400000 36,400000 36,400000 -20,200000
34 1673819654 -0,004510 177,400000 35,600000 35,600000 -20,200000
34 1673819655 -0,004510 177,400000 34,800000 34,800000 -20,200000
34 1673819656 -0,004510 177,400000 34,000000 34,000000 -20,200000
34 1673819657 -0,008989 178,000000 32,400000 32,400000 -20,200000
34 1673819658 -0,008989 178,000000 30,800000 30,800000 -20,200000
34 1673819659 -0,008989 178,000000 29,200000 29,200000 -20,200000
34 1673819660 -0,008989 178,000000 27,600000 27,600000 -20,200000
34 1673819661 -0,008989 178,000000 26,000000 26,000000 -20,200000
34 1673819662 -0,006726 178,400000 24,800000 24,800000 -20,200000
34 1673819663 -0,006726 178,400000 23,600000 23,600000 -20,200000
34 1673819664 -0,006726 178,400000 22,400000 22,400000 -20,200000
34 1673819665 -0,006726 178,400000 21,200000 21,200000 -20,200000
34 1673819666 -0,006726 178,400000 20,000000 20,000000 -20,200000
34 1673819667 0,000000 179,400000 20,000000 20,000000 -20,200000
34 1673819668 0,000000 179,400000 20,000000 20,000000 -20,200000
34 1673819669 0,000000 179,400000 20,000000 20,000000 -20,200000
34 1673819670 0,000000 179,400000 20,000000 20,000000 -20,200000
34 1673819671 0,000000 179,400000 20,000000 20,000000 -20,200000
34 1673819672 0,001106 180,800000 20,200000 20,200000 -20,200000
34 1673819673 0,001106 180,800000 20,400000 20,400000 -20,200000
34 1673819674 0,001106 180,800000 20,600000 20,600000 -20,200000
34 1673819675 0,001106 180,800000 20,800000 20,800000 -20,200000
34 1673819676 0,001106 180,800000 21,000000 21,000000 -20,200000
34 1673819677 0,003308 181,400000 21,600000 21,600000 -20,200000
34 1673819678 0,003308 181,400000 22,200000 22,200000 -20,200000
34 1673819679 0,003308 181,400000 22,800000 22,800000 -20,200000
34 1673819680 0,003308 181,400000 23,400000 23,400000 -20,200000
34 1673819681 0,003308 181,400000 24,000000 24,000000 -20,200000
34 1673819682 -0,002200 181,800000 23,600000 23,600000 -20,200000
34 1673819683 -0,002200 181,800000 23,200000 23,200000 -20,200000
34 1673819684 -0,002200 181,800000 22,800000 22,800000 -20,200000
34 1673819685 -0,002200 181,800000 22,400000 22,400000 -20,200000
34 1673819686 -0,002200 181,800000 22,000000 22,000000 -20,200000
34 1673819687 0,002198 182,000000 22,400000 22,400000 -20,200000
34 1673819688 0,002198 182,000000 22,800000 22,800000 -20,200000
34 1673819689 0,002198 182,000000 23,200000 23,200000 -20,200000
34 1673819690 0,002198 182,000000 23,600000 23,600000 -20,200000
34 1673819691 0,002198 182,000000 24,000000 24,000000 -20,200000
34 1673819692 0,003289 182,400000 24,600000 24,600000 -20,200000
34 1673819693 0,003289 182,400000 25,200000 25,200000 -20,200000
34 1673819694 0,003289 182,400000 25,800000 25,800000 -20,200000
34 1673819695 0,003289 182,400000 26,400000 26,400000 -20,200000
34 1673819696 0,003289 182,400000 27,000000 27,000000 -20,200000
34 1673819697 -0,002188 182,800000 26,600000 26,600000 -20,200000
34 1673819698 -0,002188 182,800000 26,200000 26,200000 -20,200000
34 1673819699 -0,002188 182,800000 25,800000 25,800000 -20,200000
34 1673819700 -0,002188 182,800000 25,400000 25,400000 -20,200000
34 1673819701 -0,002188 182,800000 25,000000 25,000000 -20,200000
34 1673819702 0,000000 183,400000 25,000000 25,000000 -20,200000
34 1673819703 0,000000 183,400000 25,000000 25,000000 -20,200000
34 1673819704 0,000000 183,400000 25,000000 25,000000 -20,200000
34 1673819705 0,000000 183,400000 25,000000 25,000000 -20,200000
34 1673819706 0,000000 183,400000 25,000000 25,000000 -20,200000
34 1673819707 0,003243 185,000000 25,600000 25,600000 -20,200000
34 1673819708 0,003243 185,000000 26,200000 26,200000 -20,200000
34 1673819709 0,003243 185,000000 26,800000 26,800000 -20,200000
34 1673819710 0,003243 185,000000 27,400000 27,400000 -20,200000
34 1673819711 0,003243 185,000000 28,000000 28,000000 -20,200000
34 1673819712 -0,001078 185,600000 27,800000 27,800000 -20,200000
34 1673819713 -0,001078 185,600000 27,600000 27,600000 -20,200000
34 1673819714 -0,001078 185,600000 27,400000 27,400000 -20,200000
34 1673819715 -0,001078 185,600000 27,200000 27,200000 -20,200000
34 1673819716 -0,001078 185,600000 27,000000 27,000000 -20,200000
34 1673819717 -0,005365 186,400000 26,000000 26,000000 -20,200000
34 1673819718 -0,005365 186,400000 25,000000 25,000000 -20,200000
34 1673819719 -0,005365 186,400000 24,000000 24,000000 -20,200000
34 1673819720 -0,005365 186,400000 23,000000 23,000000 -20,200000
34 1673819721 -0,005365 186,400000 22,000000 22,000000 -20,200000
34 1673819722 0,000000 187,000000 22,000000 22,000000 -20,200000
34 1673819723 0,000000 187,000000 22,000000 22,000000 -20,200000
34 1673819724 0,000000 187,000000 22,000000 22,000000 -20,200000
34 1673819725 0,000000 187,000000 22,000000 22,000000 -20,200000
34 1673819726 0,000000 187,000000 22,000000 22,000000 -20,200000
34 1673819727 0,003195 187,800000 22,600000 22,600000 -20,200000
34 1673819728 0,003195 187,800000 23,200000 23,200000 -20,200000
34 1673819729 0,003195 187,800000 23,800000 23,800000 -20,200000
34 1673819730 0,003195 187,800000 24,400000 24,400000 -20,200000
34 1673819731 0,003195 187,800000 25,000000 25,000000 -20,200000
34 1673819732 0,002116 189,000000 25,400000 25,400000 -20,200000
34 1673819733 0,002116 189,000000 25,800000 25,800000 -20,200000
34 1673819734 0,002116 189,000000 26,200000 26,200000 -20,200000
34 1673819735 0,002116 189,000000 26,600000 26,600000 -20,200000
34 1673819736 0,002116 189,000000 27,000000 27,000000 -20,200000
34 1673819737 0,003161 189,800000 27,600000 27,600000 -20,200000
34 1673819738 0,003161 189,800000 28,200000 28,200000 -20,200000
34 1673819739 0,003161 189,800000 28,800000 28,800000 -20,200000
34 1673819740 0,003161 189,800000 29,400000 29,400000 -20,200000
34 1673819741 0,003161 189,800000 30,000000 30,000000 -20,200000
34 1673819742 0,000000 191,400000 30,000000 30,000000 -20,200000
34 1673819743 0,000000 191,400000 30,000000 30,000000 -20,200000
34 1673819744 0,000000 191,400000 30,000000 30,000000 -20,200000
34 1673819745 0,000000 191,400000 30,000000 30,000000 -20,200000
34 1673819746 0,000000 191,400000 30,000000 30,000000 -20,200000
34 1673819747 -0,003115 192,600000 29,400000 29,400000 -20,200000
34 1673819748 -0,003115 192,600000 28,800000 28,800000 -20,200000
34 1673819749 -0,003115 192,600000 28,200000 28,200000 -20,200000
34 1673819750 -0,003115 192,600000 27,600000 27,600000 -20,200000
34 1673819751 -0,003115 192,600000 27,000000 27,000000 -20,200000
34 1673819752 -0,004141 193,200000 26,200000 26,200000 -20,200000
34 1673819753 -0,004141 193,200000 25,400000 25,400000 -20,200000
34 1673819754 -0,004141 193,200000 24,600000 24,600000 -20,200000
34 1673819755 -0,004141 193,200000 23,800000 23,800000 -20,200000
34 1673819756 -0,004141 193,200000 23,000000 23,000000 -20,200000
34 1673819757 -0,002066 193,600000 22,600000 22,600000 -20,200000
34 1673819758 -0,002066 193,600000 22,200000 22,200000 -20,200000
34 1673819759 -0,002066 193,600000 21,800000 21,800000 -20,200000
34 1673819760 -0,002066 193,600000 21,400000 21,400000 -20,200000
34 1673819761 -0,002066 193,600000 21,000000 21,000000 -20,200000
34 1673819762 0,002064 193,800000 21,400000 21,400000 -20,200000
34 1673819763 0,002064 193,800000 21,800000 21,800000 -20,200000
34 1673819764 0,002064 193,800000 22,200000 22,200000 -20,200000
34 1673819765 0,002064 193,800000 22,600000 22,600000 -20,200000
34 1673819766 0,002064 193,800000 23,000000 23,000000 -20,200000
34 1673819767 0,004115 194,400000 23,800000 23,800000 -20,200000
34 1673819768 0,004115 194,400000 24,600000 24,600000 -20,200000
34 1673819769 0,004115 194,400000 25,400000 25,400000 -20,200000
34 1673819770 0,004115 194,400000 26,200000 26,200000 -20,200000
34 1673819771 0,004115 194,400000 27,000000 27,000000 -20,200000
34 1673819772 -0,001025 195,200000 26,800000 26,800000 -20,200000
34 1673819773 -0,001025 195,200000 26,600000 26,600000 -20,200000
34 1673819774 -0,001025 195,200000 26,400000 26,400000 -20,200000
34 1673819775 -0,001025 195,200000 26,200000 26,200000 -20,200000
34 1673819776 -0,001025 195,200000 26,000000 26,000000 -20,200000
34 1673819777 0,003061 196,000000 26,600000 26,600000 -20,200000
34 1673819778 0,003061 196,000000 27,200000 27,200000 -20,200000
34 1673819779 0,003061 196,000000 27,800000 27,800000 -20,200000
34 1673819780 0,003061 196,000000 28,400000 28,400000 -20,200000
34 1673819781 0,003061 196,000000 29,000000 29,000000 -20,200000
34 1673819782 -0,004044 197,800000 28,200000 28,200000 -20,200000
34 1673819783 -0,004044 197,800000 27,400000 27,400000 -20,200000
34 1673819784 -0,004044 197,800000 26,600000 26,600000 -20,200000
34 1673819785 -0,004044 197,800000 25,800000 25,800000 -20,200000
34 1673819786 -0,004044 197,800000 25,000000 25,000000 -20,200000
34 1673819787 -0,001010 198,000000 24,800000 24,800000 -20,200000
34 1673819788 -0,001010 198,000000 24,600000 24,600000 -20,200000
34 1673819789 -0,001010 198,000000 24,400000 24,400000 -20,200000
34 1673819790 -0,001010 198,000000 24,200000 24,200000 -20,200000
34 1673819791 -0,001010 198,000000 24,000000 24,000000 -20,200000
34 1673819792 -0,002012 198,800000 23,600000 23,600000 -20,200000
34 1673819793 -0,002012 198,800000 23,200000 23,200000 -20,200000
34 1673819794 -0,002012 198,800000 22,800000 22,800000 -20,200000
34 1673819795 -0,002012 198,800000 22,400000 22,400000 -20,200000
34 1673819796 -0,002012 198,800000 22,000000 22,000000 -20,200000
34 1673819797 0,002002 199,800000 22,400000 22,400000 -20,200000
34 1673819798 0,002002 199,800000 22,800000 22,800000 -20,200000
34 1673819799 0,002002 199,800000 23,200000 23,200000 -20,200000
34 1673819800 0,002002 199,800000 23,600000 23,600000 -20,200000
34 1673819801 0,002002 199,800000 24,000000 24,000000 -20,200000
34 1673819802 0,000000 200,200000 24,000000 24,000000 -20,200000
34 1673819803 0,000000 200,200000 24,000000 24,000000 -20,200000
34 1673819804 0,000000 200,200000 24,000000 24,000000 -20,200000
34 1673819805 0,000000 200,200000 24,000000 24,000000 -20,200000
34 1673819806 0,000000 200,200000 24,000000 24,000000 -20,200000
34 1673819807 0,000000 200,600000 24,000000 24,000000 -20,200000
34 1673819808 0,000000 200,600000 24,000000 24,000000 -20,200000
34 1673819809 0,000000 200,600000 24,000000 24,000000 -20,200000
34 1673819810 0,000000 200,600000 24,000000 24,000000 -20,200000
34 1673819811 0,000000 200,600000 24,000000 24,000000 -20,200000
34 1673819812 -0,000994 201,200000 23,800000 23,800000 -20,200000
34 1673819813 -0,000994 201,200000 23,600000 23,600000 -20,200000
34 1673819814 -0,000994 201,200000 23,400000 23,400000 -20,200000
34 1673819815 -0,000994 201,200000 23,200000 23,200000 -20,200000
34 1673819816 -0,000994 201,200000 23,000000 23,000000 -20,200000
34 1673819817 0,002970 202,000000 23,600000 23,600000 -20,200000
34 1673819818 0,002970 202,000000 24,200000 24,200000 -20,200000
34 1673819819 0,002970 202,000000 24,800000 24,800000 -20,200000
34 1673819820 0,002970 202,000000 25,400000 25,400000 -20,200000
34 1673819821 0,002970 202,000000 26,000000 26,000000 -20,200000
34 1673819822 0,001974 202,600000 26,400000 26,400000 -20,200000
34 1673819823 0,001974 202,600000 26,800000 26,800000 -20,200000
34 1673819824 0,001974 202,600000 27,200000 27,200000 -20,200000
34 1673819825 0,001974 202,600000 27,600000 27,600000 -20,200000
34 1673819826 0,001974 202,600000 28,000000 28,000000 -20,200000
34 1673819827 -0,000984 203,200000 27,800000 27,800000 -20,200000
34 1673819828 -0,000984 203,200000 27,600000 27,600000 -20,200000
34 1673819829 -0,000984 203,200000 27,400000 27,400000 -20,200000
34 1673819830 -0,000984 203,200000 27,200000 27,200000 -20,200000
34 1673819831 -0,000984 203,200000 27,000000 27,000000 -20,200000
34 1673819832 0,002941 204,000000 27,600000 27,600000 -20,200000
34 1673819833 0,002941 204,000000 28,200000 28,200000 -20,200000
34 1673819834 0,002941 204,000000 28,800000 28,800000 -20,200000
34 1673819835 0,002941 204,000000 29,400000 29,400000 -20,200000
34 1673819836 0,002941 204,000000 30,000000 30,000000 -20,200000
34 1673819837 -0,002915 205,800000 29,400000 29,400000 -20,200000
34 1673819838 -0,002915 205,800000 28,800000 28,800000 -20,200000
34 1673819839 -0,002915 205,800000 28,200000 28,200000 -20,200000
34 1673819840 -0,002915 205,800000 27,600000 27,600000 -20,200000
34 1673819841 -0,002915 205,800000 27,000000 27,000000 -20,200000
34 1673819842 0,004831 207,000000 28,000000 28,000000 -20,200000
34 1673819843 0,004831 207,000000 29,000000 29,000000 -20,200000
34 1673819844 0,004831 207,000000 30,000000 30,000000 -20,200000
34 1673819845 0,004831 207,000000 31,000000 31,000000 -20,200000
34 1673819846 0,004831 207,000000 32,000000 32,000000 -20,200000
34 1673819847 -0,004808 208,000000 31,000000 31,000000 -20,200000
34 1673819848 -0,004808 208,000000 30,000000 30,000000 -20,200000
34 1673819849 -0,004808 208,000000 29,000000 29,000000 -20,200000
34 1673819850 -0,004808 208,000000 28,000000 28,000000 -20,200000
34 1673819851 -0,004808 208,000000 27,000000 27,000000 -20,200000
34 1673819852 -0,000957 209,000000 26,800000 26,800000 -20,200000
34 1673819853 -0,000957 209,000000 26,600000 26,600000 -20,200000
34 1673819854 -0,000957 209,000000 26,400000 26,400000 -20,200000
34 1673819855 -0,000957 209,000000 26,200000 26,200000 -20,200000
34 1673819856 -0,000957 209,000000 26,000000 26,000000 -20,200000
34 1673819857 -0,001905 210,000000 25,600000 25,600000 -20,200000
34 1673819858 -0,001905 210,000000 25,200000 25,200000 -20,200000
34 1673819859 -0,001905 210,000000 24,800000 24,800000 -20,200000
34 1673819860 -0,001905 210,000000 24,400000 24,400000 -20,200000
34 1673819861 -0,001905 210,000000 24,000000 24,000000 -20,200000
34 1673819862 -0,004744 210,800000 23,000000 23,000000 -20,200000
34 1673819863 -0,004744 210,800000 22,000000 22,000000 -20,200000
34 1673819864 -0,004744 210,800000 21,000000 21,000000 -20,200000
34 1673819865 -0,004744 210,800000 20,000000 20,000000 -20,200000
34 1673819866 -0,004744 210,800000 19,000000 19,000000 -20,200000
34 1673819867 0,001892 211,400000 19,400000 19,400000 -20,200000
34 1673819868 0,001892 211,400000 19,800000 19,800000 -20,200000
34 1673819869 0,001892 211,400000 20,200000 20,200000 -20,200000
34 1673819870 0,001892 211,400000 20,600000 20,600000 -20,200000
34 1673819871 0,001892 211,400000 21,000000 21,000000 -20,200000
34 1673819872 0,000943 212,000000 21,200000 21,200000 -20,200000
34 1673819873 0,000943 212,000000 21,400000 21,400000 -20,200000
34 1673819874 0,000943 212,000000 21,600000 21,600000 -20,200000
34 1673819875 0,000943 212,000000 21,800000 21,800000 -20,200000
34 1673819876 0,000943 212,000000 22,000000 22,000000 -20,200000
34 1673819877 -0,000943 212,200000 21,800000 21,800000 -20,200000
34 1673819878 -0,000943 212,200000 21,600000 21,600000 -20,200000
34 1673819879 -0,000943 212,200000 21,400000 21,400000 -20,200000
34 1673819880 -0,000943 212,200000 21,200000 21,200000 -20,200000
34 1673819881 -0,000943 212,200000 21,000000 21,000000 -20,200000
34 1673819882 0,002822 212,600000 21,600000 21,600000 -20,200000
34 1673819883 0,002822 212,600000 22,200000 22,200000 -20,200000
34 1673819884 0,002822 212,600000 22,800000 22,800000 -20,200000
34 1673819885 0,002822 212,600000 23,400000 23,400000 -20,200000
34 1673819886 0,002822 212,600000 24,000000 24,000000 -20,200000
34 1673819887 -0,001874 213,400000 23,600000 23,600000 -20,200000
34 1673819888 -0,001874 213,400000 23,200000 23,200000 -20,200000
34 1673819889 -0,001874 213,400000 22,800000 22,800000 -20,200000
34 1673819890 -0,001874 213,400000 22,400000 22,400000 -20,200000
34 1673819891 -0,001874 213,400000 22,000000 22,000000 -20,200000
34 1673819892 0,003742 213,800000 22,800000 22,800000 -20,200000
34 1673819893 0,003742 213,800000 23,600000 23,600000 -20,200000
34 1673819894 0,003742 213,800000 24,400000 24,400000 -20,200000
34 1673819895 0,003742 213,800000 25,200000 25,200000 -20,200000
34 1673819896 0,003742 213,800000 26,000000 26,000000 -20,200000
34 1673819897 0,003731 214,400000 26,800000 26,800000 -20,200000
34 1673819898 0,003731 214,400000 27,600000 27,600000 -20,200000
34 1673819899 0,003731 214,400000 28,400000 28,400000 -20,200000
34 1673819900 0,003731 214,400000 29,200000 29,200000 -20,200000
34 1673819901 0,003731 214,400000 30,000000 30,000000 -20,200000
34 1673819902 0,003714 215,400000 30,800000 30,800000 -20,200000
34 1673819903 0,003714 215,400000 31,600000 31,600000 -20,200000
34 1673819904 0,003714 215,400000 32,400000 32,400000 -20,200000
34 1673819905 0,003714 215,400000 33,200000 33,200000 -20,200000
34 1673819906 0,003714 215,400000 34,000000 34,000000 -20,200000
34 1673819907 0,000926 216,000000 34,200000 34,200000 -20,200000
34 1673819908 0,000926 216,000000 34,400000 34,400000 -20,200000
34 1673819909 0,000926 216,000000 34,600000 34,600000 -20,200000
34 1673819910 0,000926 216,000000 34,800000 34,800000 -20,200000
34 1673819911 0,000926 216,000000 35,000000 35,000000 -20,200000
34 1673819912 -0,006452 217,000000 33,600000 33,600000 -20,200000
34 1673819913 -0,006452 217,000000 32,200000 32,200000 -20,200000
34 1673819914 -0,006452 217,000000 30,800000 30,800000 -20,200000
34 1673819915 -0,006452 217,000000 29,400000 29,400000 -20,200000
34 1673819916 -0,006452 217,000000 28,000000 28,000000 -20,200000
34 1673819917 -0,006434 217,600000 26,600000 26,600000 -20,200000
34 1673819918 -0,006434 217,600000 25,200000 25,200000 -20,200000
34 1673819919 -0,006434 217,600000 23,800000 23,800000 -20,200000
34 1673819920 -0,006434 217,600000 22,400000 22,400000 -20,200000
34 1673819921 -0,006434 217,600000 21,000000 21,000000 -20,200000
34 1673819922 -0,001828 218,800000 20,600000 20,600000 -20,200000
34 1673819923 -0,001828 218,800000 20,200000 20,200000 -20,200000
34 1673819924 -0,001828 218,800000 19,800000 19,800000 -20,200000
34 1673819925 -0,001828 218,800000 19,400000 19,400000 -20,200000
34 1673819926 -0,001828 218,800000 19,000000 19,000000 -20,200000
34 1673819927 0,005430 221,000000 20,200000 20,200000 -20,200000
34 1673819928 0,005430 221,000000 21,400000 21,400000 -20,200000
34 1673819929 0,005430 221,000000 22,600000 22,600000 -20,200000
